paintprogram	[0, 1.0, 0]
featur	[0, 0.3333333333333333, 0.6666666666666666]
dana	[1.0, 0, 0]
sarah	[0, 0, 1.0]
typo	[1.0, 0, 0]
juri	[1.0, 0, 0]
special	[0.2, 0.4, 0.4]
und	[1.0, 0, 0]
ramif	[1.0, 0, 0]
leibowitz	[1.0, 0, 0]
aminet	[0, 1.0, 0]
degrad	[0, 1.0, 0]
specif	[0.75, 0.25, 0]
success	[0.5, 0.5, 0]
approxim	[0.75, 0.25, 0]
kassadi	[0, 0, 1.0]
amber	[0, 1.0, 0]
assist	[0.3333333333333333, 0.6666666666666666, 0]
glitch	[0, 1.0, 0]
team	[0, 0, 1.0]
pc	[0, 0.3333333333333333, 0.6666666666666666]
idiom	[0, 0, 1.0]
pt	[0, 1.0, 0]
poorer	[0, 1.0, 0]
distribut	[0, 1.0, 0]
nutterbrink	[0, 1.0, 0]
mutat	[1.0, 0, 0]
dcview	[0, 1.0, 0]
influenc	[1.0, 0, 0]
andrei	[0, 0, 1.0]
chri	[0, 0.5, 0.5]
aesthet	[1.0, 0, 0]
robust	[0, 0.5, 0.5]
committ	[1.0, 0, 0]
kamandi	[0, 0, 1.0]
dixi	[0, 0, 1.0]
att	[1.0, 0, 0]
cannib	[1.0, 0, 0]
set	[0.23076923076923078, 0.3076923076923077, 0.46153846153846156]
edg	[0, 0.5, 0.5]
pal	[0, 1.0, 0]
rationalist	[1.0, 0, 0]
organis	[0, 1.0, 0]
domi	[0, 0, 1.0]
vers	[1.0, 0, 0]
anniversari	[0, 0, 1.0]
gzip	[0, 0.5, 0.5]
noth	[0.7142857142857143, 0.2857142857142857, 0]
meg	[0, 0, 1.0]
connect	[0.5, 0, 0.5]
adjust	[0, 0.5, 0.5]
dead	[0.6666666666666666, 0.3333333333333333, 0]
congress	[1.0, 0, 0]
binari	[0, 1.0, 0]
simpli	[1.0, 0, 0]
winjpeg	[0, 1.0, 0]
alt	[0.6666666666666666, 0.3333333333333333, 0]
agre	[0.5, 0.5, 0]
ultb	[1.0, 0, 0]
jumper	[0, 0, 1.0]
follow	[0.6666666666666666, 0.3333333333333333, 0]
bundl	[0, 0, 1.0]
asd	[1.0, 0, 0]
invas	[1.0, 0, 0]
imput	[1.0, 0, 0]
sheer	[0, 1.0, 0]
accomplish	[0, 0.5, 0.5]
pretend	[1.0, 0, 0]
laboratoir	[0, 1.0, 0]
edit	[0.3333333333333333, 0.3333333333333333, 0.3333333333333333]
havok	[0, 0, 1.0]
exu	[0, 1.0, 0]
rang	[0.3333333333333333, 0.3333333333333333, 0.3333333333333333]
delawar	[0, 0, 1.0]
pastim	[1.0, 0, 0]
storm	[0, 1.0, 0]
directli	[0.6, 0.2, 0.2]
unjust	[1.0, 0, 0]
canyon	[1.0, 0, 0]
wooden	[0, 0, 1.0]
expertis	[1.0, 0, 0]
adam	[0, 0, 1.0]
fit	[0.16666666666666666, 0.5, 0.3333333333333333]
count	[0.4, 0.6, 0]
obo	[0, 0, 1.0]
oppos	[0, 0, 1.0]
appar	[0.6666666666666666, 0.3333333333333333, 0]
affili	[0, 1.0, 0]
warranti	[0, 1.0, 0]
vpic	[0, 1.0, 0]
beater	[0, 0, 1.0]
utk	[0, 0, 1.0]
space	[0, 0.6666666666666666, 0.3333333333333333]
sequenc	[0, 1.0, 0]
mix	[0, 1.0, 0]
weren	[1.0, 0, 0]
occur	[1.0, 0, 0]
account	[0.8, 0, 0.2]
subset	[0, 1.0, 0]
statist	[0.75, 0, 0.25]
analysi	[0, 0.6666666666666666, 0.3333333333333333]
ga	[0, 0, 1.0]
copi	[0.3, 0.4, 0.3]
icon	[0, 1.0, 0]
berkelei	[0.25, 0, 0.75]
gain	[1.0, 0, 0]
decre	[1.0, 0, 0]
shanna	[0, 0, 1.0]
egan	[0, 1.0, 0]
ill	[1.0, 0, 0]
wuarchiv	[0, 1.0, 0]
caught	[1.0, 0, 0]
establish	[0.3333333333333333, 0.6666666666666666, 0]
blacklist	[1.0, 0, 0]
philosoph	[1.0, 0, 0]
etern	[0.6666666666666666, 0, 0.3333333333333333]
psycholg	[1.0, 0, 0]
weather	[0, 0, 1.0]
capac	[0, 0, 1.0]
april	[0.125, 0.375, 0.5]
checker	[0, 0, 1.0]
smooth	[0, 0.5, 0.5]
fals	[1.0, 0, 0]
dicta	[0, 1.0, 0]
quot	[0.6, 0.4, 0]
wrap	[0, 0.5, 0.5]
feed	[0, 1.0, 0]
determin	[0.36363636363636365, 0.5454545454545454, 0.09090909090909091]
hang	[0.5, 0.5, 0]
organ	[0.42857142857142855, 0.42857142857142855, 0.14285714285714285]
fulli	[0.2, 0.2, 0.6]
rebel	[1.0, 0, 0]
alexand	[0, 0, 1.0]
boulder	[0, 0, 1.0]
intent	[1.0, 0, 0]
hold	[0.5, 0.5, 0]
descript	[0.6666666666666666, 0.3333333333333333, 0]
slant	[1.0, 0, 0]
volum	[0.3333333333333333, 0.3333333333333333, 0.3333333333333333]
companion	[0.5, 0, 0.5]
relev	[1.0, 0, 0]
di	[1.0, 0, 0]
nitti	[0, 0, 1.0]
microsystem	[0, 1.0, 0]
largest	[0.3333333333333333, 0, 0.6666666666666666]
comfort	[1.0, 0, 0]
interpret	[0.75, 0, 0.25]
approv	[1.0, 0, 0]
devic	[1.0, 0, 0]
elit	[0, 0, 1.0]
fuel	[0, 0, 1.0]
gandi	[0, 0, 1.0]
australian	[0, 1.0, 0]
christian	[1.0, 0, 0]
corner	[0.5, 0, 0.5]
dt	[0, 1.0, 0]
blew	[1.0, 0, 0]
administr	[0, 0, 1.0]
distinguish	[0.6666666666666666, 0.3333333333333333, 0]
transper	[0, 0, 1.0]
host	[0.3333333333333333, 0.3333333333333333, 0.3333333333333333]
archimed	[0, 1.0, 0]
lamb	[1.0, 0, 0]
horrorsoft	[0, 0, 1.0]
barszczewski	[0, 0, 1.0]
qlobb	[0, 1.0, 0]
strategi	[0, 0, 1.0]
mccarthyit	[1.0, 0, 0]
divin	[0.5, 0.5, 0]
genuin	[1.0, 0, 0]
requiem	[1.0, 0, 0]
guilti	[1.0, 0, 0]
rue	[0, 1.0, 0]
atheist	[1.0, 0, 0]
dramat	[0, 1.0, 0]
hemant	[0, 0, 1.0]
dracula	[0, 0, 1.0]
induct	[1.0, 0, 0]
acknowledg	[0, 1.0, 0]
bilevel	[0, 1.0, 0]
booth	[0, 1.0, 0]
purdu	[0, 0, 1.0]
babcock	[1.0, 0, 0]
octob	[0, 1.0, 0]
midwai	[0, 1.0, 0]
graveyard	[0, 0, 1.0]
medium	[0, 1.0, 0]
readabl	[0, 1.0, 0]
burden	[1.0, 0, 0]
earlier	[0.5, 0.5, 0]
andreasa	[0, 1.0, 0]
hollywood	[1.0, 0, 0]
reject	[0.75, 0, 0.25]
period	[0.6666666666666666, 0, 0.3333333333333333]
thorson	[0, 0, 1.0]
professor	[1.0, 0, 0]
darn	[0, 1.0, 0]
notion	[1.0, 0, 0]
cylind	[0, 0, 1.0]
ci	[0, 1.0, 0]
natur	[0.6666666666666666, 0.3333333333333333, 0]
outfield	[0, 0, 1.0]
reli	[0.75, 0.25, 0]
autogaph	[0, 0, 1.0]
imprison	[1.0, 0, 0]
jehovah	[1.0, 0, 0]
wear	[1.0, 0, 0]
air	[1.0, 0, 0]
unsupport	[0.5, 0.5, 0]
temporarili	[1.0, 0, 0]
konfessionslosesn	[1.0, 0, 0]
hundr	[0.3333333333333333, 0.6666666666666666, 0]
processor	[0.125, 0.5, 0.375]
power	[0.18181818181818182, 0.09090909090909091, 0.7272727272727273]
memet	[1.0, 0, 0]
adher	[0.5, 0.5, 0]
hoopla	[0, 1.0, 0]
fade	[0, 0, 1.0]
harri	[0, 0, 1.0]
entir	[0.5, 0, 0.5]
duran	[0, 0, 1.0]
johnson	[0.5, 0, 0.5]
kill	[0.8888888888888888, 0, 0.1111111111111111]
alleg	[0, 1.0, 0]
shade	[1.0, 0, 0]
multipl	[0.3333333333333333, 0.3333333333333333, 0.3333333333333333]
lan	[0, 0, 1.0]
desir	[0.6666666666666666, 0.3333333333333333, 0]
accept	[0.6, 0.2, 0.2]
qualiti	[0, 0.3333333333333333, 0.6666666666666666]
collect	[0.2, 0.4, 0.4]
synonym	[0, 0, 1.0]
character	[1.0, 0, 0]
pictur	[0, 1.0, 0]
hoch	[0, 1.0, 0]
gif	[0, 1.0, 0]
heater	[0, 0, 1.0]
neideck	[0, 1.0, 0]
penalti	[1.0, 0, 0]
prefer	[0.2, 0.6, 0.2]
commerci	[0, 0.6, 0.4]
prayer	[1.0, 0, 0]
rack	[0, 0, 1.0]
luke	[1.0, 0, 0]
alien	[0.25, 0, 0.75]
dir	[0, 1.0, 0]
gaul	[0, 1.0, 0]
elder	[1.0, 0, 0]
byrn	[0, 0, 1.0]
occas	[0, 0, 1.0]
acorn	[0, 1.0, 0]
overlook	[0, 1.0, 0]
bear	[1.0, 0, 0]
wordstar	[0, 0, 1.0]
lpi	[0, 0, 1.0]
recognit	[0, 1.0, 0]
matrix	[0, 1.0, 0]
upto	[0, 0, 1.0]
manifold	[0, 0, 1.0]
inkjet	[0, 0, 1.0]
plug	[0.25, 0.5, 0.25]
chill	[1.0, 0, 0]
recipi	[0, 1.0, 0]
furi	[0, 0, 1.0]
mill	[1.0, 0, 0]
pedal	[0, 0, 1.0]
unravel	[0, 0, 1.0]
left	[0.3333333333333333, 0.3333333333333333, 0.3333333333333333]
droemer	[1.0, 0, 0]
appsoft	[0, 1.0, 0]
ncoa	[0, 0, 1.0]
ibdk	[1.0, 0, 0]
length	[1.0, 0, 0]
posit	[0.8333333333333334, 0.16666666666666666, 0]
hamilton	[0, 1.0, 0]
boyko	[0, 0, 1.0]
wixer	[0, 1.0, 0]
mous	[0, 0.2, 0.8]
troi	[0, 1.0, 0]
unizh	[0, 1.0, 0]
proselyt	[1.0, 0, 0]
zoom	[0, 1.0, 0]
rbarri	[0, 1.0, 0]
benefit	[0.6, 0.4, 0]
hopeless	[1.0, 0, 0]
pull	[1.0, 0, 0]
chose	[1.0, 0, 0]
honest	[0, 0, 1.0]
cluebook	[0, 0, 1.0]
camp	[0, 0, 1.0]
bloc	[1.0, 0, 0]
medin	[0, 0, 1.0]
children	[1.0, 0, 0]
monu	[1.0, 0, 0]
path	[0, 0.6666666666666666, 0.3333333333333333]
pangborn	[1.0, 0, 0]
everydai	[1.0, 0, 0]
concentr	[0.3333333333333333, 0.6666666666666666, 0]
clau	[1.0, 0, 0]
wand	[1.0, 0, 0]
ibka	[1.0, 0, 0]
secondli	[1.0, 0, 0]
islington	[1.0, 0, 0]
lower	[0, 0.3333333333333333, 0.6666666666666666]
freeman	[0, 0, 1.0]
tendenc	[1.0, 0, 0]
countri	[1.0, 0, 0]
read	[0.35714285714285715, 0.5, 0.14285714285714285]
ncsu	[0, 1.0, 0]
lewi	[0, 0, 1.0]
pov	[0, 1.0, 0]
possibl	[0.7142857142857143, 0.2857142857142857, 0]
england	[0.5, 0.25, 0.25]
straightforward	[0, 1.0, 0]
foundat	[1.0, 0, 0]
possibilti	[1.0, 0, 0]
speechwrit	[0, 0, 1.0]
dodg	[0, 0, 1.0]
pmview	[0, 1.0, 0]
offens	[1.0, 0, 0]
strom	[1.0, 0, 0]
panel	[0, 0, 1.0]
meant	[1.0, 0, 0]
forbid	[1.0, 0, 0]
cartoon	[0.5, 0.5, 0]
render	[0, 1.0, 0]
implic	[1.0, 0, 0]
li	[0, 1.0, 0]
byk	[0, 0, 1.0]
disagre	[1.0, 0, 0]
remot	[0.2, 0.2, 0.6]
holi	[0.6666666666666666, 0.3333333333333333, 0]
aug	[0, 0, 1.0]
call	[0.25, 0.1875, 0.5625]
intens	[0, 1.0, 0]
univ	[0, 0, 1.0]
certainti	[1.0, 0, 0]
peac	[0, 1.0, 0]
februari	[1.0, 0, 0]
frequenc	[0, 1.0, 0]
ryan	[1.0, 0, 0]
ethic	[1.0, 0, 0]
sincer	[1.0, 0, 0]
equival	[0.5, 0, 0.5]
compat	[0, 0.5, 0.5]
critic	[0.6666666666666666, 0, 0.3333333333333333]
manti	[1.0, 0, 0]
bypass	[0, 1.0, 0]
frank	[0, 0, 1.0]
ricardo	[0, 1.0, 0]
limit	[0.25, 0.5, 0.25]
flat	[0.3333333333333333, 0.6666666666666666, 0]
kingdom	[1.0, 0, 0]
simonson	[0, 0, 1.0]
style	[0.3333333333333333, 0.3333333333333333, 0.3333333333333333]
art	[0, 0.5, 0.5]
ahead	[0, 1.0, 0]
trick	[0, 0, 1.0]
unh	[1.0, 0, 0]
howard	[0, 0, 1.0]
pub	[0, 1.0, 0]
pod	[0, 0, 1.0]
aim	[0, 1.0, 0]
input	[0.25, 0.5, 0.25]
internet	[0, 0.5, 0.5]
ungodli	[1.0, 0, 0]
djpeg	[0, 1.0, 0]
oxid	[0, 0, 1.0]
dress	[1.0, 0, 0]
race	[0, 0, 1.0]
pham	[0, 0, 1.0]
shortcom	[1.0, 0, 0]
learn	[0.3333333333333333, 0.5, 0.16666666666666666]
tree	[0, 0, 1.0]
grabber	[0, 1.0, 0]
jfif	[0, 1.0, 0]
west	[0, 0.5, 0.5]
park	[0, 0, 1.0]
cruis	[0, 0.5, 0.5]
sail	[0, 0.5, 0.5]
leader	[1.0, 0, 0]
youn	[0, 1.0, 0]
upbring	[1.0, 0, 0]
late	[1.0, 0, 0]
weaker	[0, 1.0, 0]
pmjpeg	[0, 1.0, 0]
ohm	[0, 0, 1.0]
anselm	[1.0, 0, 0]
beauchain	[1.0, 0, 0]
ski	[0, 0, 1.0]
subscrib	[0, 0, 1.0]
delight	[1.0, 0, 0]
oct	[0, 0, 1.0]
uvo	[0, 0, 1.0]
feb	[0, 0, 1.0]
polybag	[0, 0, 1.0]
der	[1.0, 0, 0]
uunet	[0, 0.3333333333333333, 0.6666666666666666]
held	[0.5, 0.5, 0]
sumex	[0, 1.0, 0]
caus	[1.0, 0, 0]
stanlei	[0, 0, 1.0]
unknown	[0.6666666666666666, 0.3333333333333333, 0]
start	[0.3, 0.4, 0.3]
repeatedli	[0.5, 0.5, 0]
song	[0, 0, 1.0]
illeg	[0.5, 0, 0.5]
forsal	[0, 0, 1.0]
chao	[0, 1.0, 0]
axiarch	[1.0, 0, 0]
harsh	[1.0, 0, 0]
incid	[0, 0, 1.0]
oxford	[1.0, 0, 0]
speaker	[0, 0.4, 0.6]
grid	[0, 1.0, 0]
immor	[1.0, 0, 0]
easili	[0.6666666666666666, 0.3333333333333333, 0]
whilc	[0, 0, 1.0]
finder	[0, 0, 1.0]
bureaud	[0, 1.0, 0]
screen	[0, 0.875, 0.125]
fewer	[0, 1.0, 0]
idlewild	[0, 0, 1.0]
organiz	[1.0, 0, 0]
kaminski	[0, 0, 1.0]
premier	[0, 1.0, 0]
care	[0.6666666666666666, 0.3333333333333333, 0]
ludwig	[0, 0, 1.0]
demand	[1.0, 0, 0]
haught	[1.0, 0, 0]
truth	[1.0, 0, 0]
unknow	[1.0, 0, 0]
hospit	[1.0, 0, 0]
notch	[0, 0, 1.0]
infinit	[0, 1.0, 0]
situt	[1.0, 0, 0]
nmsu	[0, 1.0, 0]
centri	[0, 1.0, 0]
asymmetri	[0, 0, 1.0]
walter	[0.25, 0.75, 0]
gss	[0, 0, 1.0]
decis	[0.6666666666666666, 0.3333333333333333, 0]
pass	[0.16666666666666666, 0.6666666666666666, 0.16666666666666666]
wingat	[1.0, 0, 0]
girlfriend	[0, 0, 1.0]
messag	[0.3333333333333333, 0, 0.6666666666666666]
intro	[0, 0.3333333333333333, 0.6666666666666666]
sedan	[0, 0, 1.0]
chromin	[0, 1.0, 0]
sens	[0.75, 0.25, 0]
marri	[1.0, 0, 0]
winjp	[0, 1.0, 0]
quotat	[0.5, 0, 0.5]
rpi	[1.0, 0, 0]
minesweep	[0, 0, 1.0]
squad	[1.0, 0, 0]
iou	[0, 1.0, 0]
stupid	[0, 1.0, 0]
antipathi	[1.0, 0, 0]
sell	[0.058823529411764705, 0.058823529411764705, 0.8823529411764706]
pragmat	[1.0, 0, 0]
increas	[0.3333333333333333, 0.6666666666666666, 0]
backdraft	[0, 1.0, 0]
biblic	[1.0, 0, 0]
mimsi	[1.0, 0, 0]
bern	[0, 1.0, 0]
thesauru	[0, 0, 1.0]
inconclus	[1.0, 0, 0]
pat	[0, 0, 1.0]
extra	[0.3333333333333333, 0.3333333333333333, 0.3333333333333333]
ssb	[0, 0, 1.0]
python	[0, 1.0, 0]
product	[0, 0.75, 0.25]
architectur	[0, 1.0, 0]
unixpc	[0, 0, 1.0]
wildli	[0, 1.0, 0]
preced	[0, 1.0, 0]
write	[0.5172413793103449, 0.3793103448275862, 0.10344827586206896]
sentenc	[1.0, 0, 0]
chic	[0, 1.0, 0]
truck	[0, 0, 1.0]
bronx	[1.0, 0, 0]
ritual	[1.0, 0, 0]
didn	[0.5, 0.16666666666666666, 0.3333333333333333]
focuss	[1.0, 0, 0]
court	[1.0, 0, 0]
review	[0.2, 0.6, 0.2]
implicitli	[0.6666666666666666, 0.3333333333333333, 0]
len	[0, 0, 1.0]
purpos	[0.6666666666666666, 0.3333333333333333, 0]
daric	[1.0, 0, 0]
krieger	[1.0, 0, 0]
colour	[0, 1.0, 0]
declar	[1.0, 0, 0]
albani	[0, 0, 1.0]
imho	[0, 1.0, 0]
meantim	[0, 1.0, 0]
bridg	[0, 1.0, 0]
biennial	[0, 1.0, 0]
unexcept	[1.0, 0, 0]
sdk	[0, 0.5, 0.5]
bustingli	[1.0, 0, 0]
challeng	[0.5, 0, 0.5]
contradict	[1.0, 0, 0]
passag	[1.0, 0, 0]
forgiv	[0.3333333333333333, 0.6666666666666666, 0]
giant	[1.0, 0, 0]
petrossian	[0, 1.0, 0]
hat	[0, 0.5, 0.5]
sweep	[1.0, 0, 0]
profess	[1.0, 0, 0]
sinner	[1.0, 0, 0]
german	[1.0, 0, 0]
artifact	[0, 1.0, 0]
slipperi	[1.0, 0, 0]
columbiasc	[0, 1.0, 0]
unlimit	[0.5, 0, 0.5]
report	[1.0, 0, 0]
tub	[0, 0, 1.0]
selann	[0, 0, 1.0]
silli	[1.0, 0, 0]
sidgwick	[1.0, 0, 0]
racism	[1.0, 0, 0]
share	[0.75, 0.25, 0]
archiv	[0.6666666666666666, 0.3333333333333333, 0]
bwsmith	[0, 0, 1.0]
life	[0.8, 0.1, 0.1]
estim	[1.0, 0, 0]
email	[0.05263157894736842, 0.5263157894736842, 0.42105263157894735]
refer	[0.4, 0.4, 0.2]
ualberta	[0, 1.0, 0]
discret	[0, 1.0, 0]
weak	[1.0, 0, 0]
enlarg	[0, 1.0, 0]
displac	[0, 1.0, 0]
shorter	[0, 1.0, 0]
napa	[0, 0, 1.0]
rtfm	[0, 1.0, 0]
link	[0.6666666666666666, 0, 0.3333333333333333]
includ	[0.13043478260869565, 0.34782608695652173, 0.5217391304347826]
porter	[1.0, 0, 0]
separ	[0.8, 0.2, 0]
yesterdai	[0, 0.5, 0.5]
fsl	[0, 0, 1.0]
mike	[0, 0.5, 0.5]
spector	[0, 0, 1.0]
svga	[0, 0.3333333333333333, 0.6666666666666666]
cardiff	[1.0, 0, 0]
effort	[0.5, 0.5, 0]
enjoi	[0, 1.0, 0]
stranger	[0, 1.0, 0]
repost	[0, 0.3333333333333333, 0.6666666666666666]
confront	[1.0, 0, 0]
ram	[0, 0.125, 0.875]
fuck	[1.0, 0, 0]
roommat	[0, 0, 1.0]
vice	[1.0, 0, 0]
seri	[0.25, 0, 0.75]
cavali	[0, 1.0, 0]
cool	[0, 0.5, 0.5]
extern	[0.3333333333333333, 0, 0.6666666666666666]
meltdown	[0, 0, 1.0]
lc	[0, 1.0, 0]
throw	[0.3333333333333333, 0.3333333333333333, 0.3333333333333333]
drawback	[0, 1.0, 0]
trustworthi	[1.0, 0, 0]
calcul	[0, 1.0, 0]
drporter	[1.0, 0, 0]
test	[0.1111111111111111, 0.6666666666666666, 0.2222222222222222]
definit	[0.7142857142857143, 0.14285714285714285, 0.14285714285714285]
anymor	[0, 1.0, 0]
cwru	[1.0, 0, 0]
jpege	[0, 1.0, 0]
pursu	[1.0, 0, 0]
defect	[0, 1.0, 0]
pan	[0, 1.0, 0]
writer	[0, 0.25, 0.75]
autom	[0, 0.3333333333333333, 0.6666666666666666]
increment	[0, 0, 1.0]
motion	[0, 0.8, 0.2]
introduct	[0.5, 0, 0.5]
propag	[1.0, 0, 0]
phone	[0, 0.47058823529411764, 0.5294117647058824]
murli	[0, 0, 1.0]
stein	[0.5, 0.5, 0]
simonsom	[0, 0, 1.0]
disquis	[0, 0, 1.0]
serf	[0, 0, 1.0]
danb	[1.0, 0, 0]
deathstalk	[0, 0, 1.0]
provok	[1.0, 0, 0]
histor	[0.5, 0.5, 0]
magazin	[0.2, 0.6, 0.2]
perform	[0.25, 0.75, 0]
match	[0.75, 0.25, 0]
condo	[0, 0, 1.0]
polic	[0, 0, 1.0]
choke	[0, 1.0, 0]
form	[0.2, 0.8, 0]
identifi	[0.25, 0.75, 0]
harbor	[0, 1.0, 0]
thoma	[0.3333333333333333, 0.6666666666666666, 0]
defenseman	[0, 0, 1.0]
contempori	[1.0, 0, 0]
jgreen	[0, 1.0, 0]
specialis	[0, 1.0, 0]
fantast	[0, 0, 1.0]
produc	[0.42857142857142855, 0.5714285714285714, 0]
terminolog	[1.0, 0, 0]
speed	[0, 0.6666666666666666, 0.3333333333333333]
arabia	[1.0, 0, 0]
charg	[1.0, 0, 0]
ceas	[1.0, 0, 0]
tetrahedr	[0, 1.0, 0]
thssgkg	[0, 0, 1.0]
support	[0.36363636363636365, 0.36363636363636365, 0.2727272727272727]
bolson	[0, 1.0, 0]
stick	[0.3333333333333333, 0.3333333333333333, 0.3333333333333333]
juelin	[0, 1.0, 0]
scientist	[1.0, 0, 0]
encyclopedia	[0, 0, 1.0]
bilingu	[0, 0, 1.0]
krehbiel	[0, 1.0, 0]
christ	[1.0, 0, 0]
won	[0.16666666666666666, 0.3333333333333333, 0.5]
boycott	[1.0, 0, 0]
equidist	[0, 1.0, 0]
taipei	[0, 0, 1.0]
simt	[0, 1.0, 0]
wdat	[0, 0, 1.0]
wheez	[0, 0, 1.0]
dubiou	[0, 1.0, 0]
version	[0.16666666666666666, 0.5, 0.3333333333333333]
star	[0.3333333333333333, 0.16666666666666666, 0.5]
constant	[0, 1.0, 0]
gideon	[0, 0, 1.0]
brother	[1.0, 0, 0]
metal	[0.16666666666666666, 0.16666666666666666, 0.6666666666666666]
wilei	[0, 0, 1.0]
green	[0, 0.25, 0.75]
instanc	[0.5, 0.5, 0]
fallaci	[1.0, 0, 0]
vendor	[0, 0.5, 0.5]
pari	[0, 1.0, 0]
roughli	[0.25, 0.25, 0.5]
prism	[0, 0, 1.0]
subtli	[0, 1.0, 0]
phono	[0, 0, 1.0]
creatur	[1.0, 0, 0]
standalon	[0, 1.0, 0]
seeli	[0, 0, 1.0]
fetch	[0, 1.0, 0]
remo	[0, 0, 1.0]
pervers	[1.0, 0, 0]
indistinguish	[0, 1.0, 0]
dorothi	[0, 0, 1.0]
cynic	[1.0, 0, 0]
torch	[0, 0, 1.0]
illustr	[0.5, 0.5, 0]
french	[0, 1.0, 0]
clean	[0, 0.2, 0.8]
resourc	[0.5, 0.5, 0]
consol	[0.5, 0, 0.5]
omega	[0, 0, 1.0]
princeton	[1.0, 0, 0]
photoshop	[0, 1.0, 0]
vesadrv	[0, 1.0, 0]
talk	[0.6666666666666666, 0.3333333333333333, 0]
seek	[0, 0, 1.0]
pretti	[0.625, 0.375, 0]
pregnant	[1.0, 0, 0]
newman	[1.0, 0, 0]
minut	[0, 1.0, 0]
invok	[0, 1.0, 0]
height	[1.0, 0, 0]
fullmer	[0, 1.0, 0]
zone	[0, 0, 1.0]
quickdraw	[0, 1.0, 0]
papsttum	[1.0, 0, 0]
claw	[0, 0, 1.0]
trim	[1.0, 0, 0]
arromde	[1.0, 0, 0]
campaign	[1.0, 0, 0]
uchicago	[0, 1.0, 0]
diagnost	[0, 0, 1.0]
madison	[0.5, 0, 0.5]
incomplet	[1.0, 0, 0]
true	[0.6363636363636364, 0.36363636363636365, 0]
dominiqu	[0, 1.0, 0]
fineman	[0, 1.0, 0]
motto	[1.0, 0, 0]
sgi	[1.0, 0, 0]
impris	[1.0, 0, 0]
meaningless	[0, 1.0, 0]
flight	[0, 0, 1.0]
oak	[0, 1.0, 0]
elektra	[0, 0, 1.0]
wave	[1.0, 0, 0]
invis	[0.5, 0.5, 0]
shock	[0, 0, 1.0]
pictpixi	[0, 1.0, 0]
regularli	[0, 0.5, 0.5]
mainstream	[1.0, 0, 0]
wide	[0.5, 0.5, 0]
saudi	[1.0, 0, 0]
ega	[0, 1.0, 0]
gld	[0, 0, 1.0]
popul	[1.0, 0, 0]
dual	[0, 0, 1.0]
foil	[0, 0, 1.0]
parcel	[0, 0, 1.0]
usuali	[0, 1.0, 0]
construct	[0.5, 0, 0.5]
retroact	[1.0, 0, 0]
explain	[0.5, 0.5, 0]
view	[0.5, 0.4, 0.1]
willingli	[1.0, 0, 0]
press	[0.16666666666666666, 0.5, 0.3333333333333333]
scandinavian	[0, 0, 1.0]
hei	[0, 0, 1.0]
speech	[0, 0, 1.0]
isn	[0.6, 0.3, 0.1]
assort	[1.0, 0, 0]
dialogu	[1.0, 0, 0]
verifi	[0.5, 0.5, 0]
charli	[1.0, 0, 0]
belief	[1.0, 0, 0]
attatch	[0, 0, 1.0]
pbmplu	[0, 1.0, 0]
volunt	[0, 1.0, 0]
isol	[1.0, 0, 0]
uuencod	[0, 1.0, 0]
noy	[1.0, 0, 0]
rio	[0, 0, 1.0]
mbyte	[0, 1.0, 0]
hsi	[0, 1.0, 0]
doug	[0.5, 0, 0.5]
capril	[0, 0, 1.0]
jack	[0, 0.3333333333333333, 0.6666666666666666]
cobalt	[0, 0, 1.0]
turtl	[0, 0, 1.0]
altern	[0.5, 0.3333333333333333, 0.16666666666666666]
freewar	[0, 1.0, 0]
prime	[0.75, 0, 0.25]
jaredjma	[0, 0, 1.0]
astrolog	[1.0, 0, 0]
math	[0, 1.0, 0]
trip	[0, 0, 1.0]
term	[0.5714285714285714, 0.14285714285714285, 0.2857142857142857]
knaur	[1.0, 0, 0]
dgraham	[1.0, 0, 0]
earli	[0.25, 0.5, 0.25]
anytim	[0, 0, 1.0]
huntsvil	[0, 0, 1.0]
mcgwier	[1.0, 0, 0]
continu	[0.8333333333333334, 0, 0.16666666666666666]
confus	[0.3333333333333333, 0.6666666666666666, 0]
slo	[0, 0, 1.0]
pink	[1.0, 0, 0]
caen	[0, 0.5, 0.5]
uwa	[0, 1.0, 0]
trn	[0, 0, 1.0]
gut	[1.0, 0, 0]
warrant	[1.0, 0, 0]
northern	[0, 0, 1.0]
servic	[0, 0.5714285714285714, 0.42857142857142855]
notori	[1.0, 0, 0]
cubix	[0, 0, 1.0]
kindli	[0, 1.0, 0]
sean	[0, 1.0, 0]
batman	[0.5, 0, 0.5]
creepi	[0, 0, 1.0]
ppmtogif	[0, 1.0, 0]
unicorn	[1.0, 0, 0]
prescrib	[1.0, 0, 0]
pack	[0.25, 0, 0.75]
dither	[0, 1.0, 0]
specul	[1.0, 0, 0]
religi	[1.0, 0, 0]
switzerland	[0, 1.0, 0]
fish	[0.5, 0.5, 0]
florida	[0, 0, 1.0]
boast	[0, 1.0, 0]
font	[0, 0, 1.0]
murphi	[0, 1.0, 0]
background	[1.0, 0, 0]
flow	[0, 0, 1.0]
command	[0, 0, 1.0]
resort	[0.5, 0, 0.5]
reduc	[0.6666666666666666, 0.3333333333333333, 0]
empath	[1.0, 0, 0]
scream	[1.0, 0, 0]
bottl	[0, 0, 1.0]
blender	[1.0, 0, 0]
panason	[0, 0, 1.0]
povrai	[0, 1.0, 0]
jose	[0, 0, 1.0]
wirefram	[0, 1.0, 0]
beach	[0, 0, 1.0]
continent	[0, 0, 1.0]
perceiv	[0.5, 0.5, 0]
stan	[1.0, 0, 0]
washington	[0, 0.5714285714285714, 0.42857142857142855]
requir	[0.38461538461538464, 0.38461538461538464, 0.23076923076923078]
unt	[0, 1.0, 0]
registr	[0, 0.14285714285714285, 0.8571428571428571]
enorm	[0, 1.0, 0]
trivial	[0.5, 0.5, 0]
cfv	[0, 1.0, 0]
enter	[0, 0, 1.0]
bar	[0, 1.0, 0]
rep	[0, 0.6666666666666666, 0.3333333333333333]
telemat	[0, 1.0, 0]
multi	[0, 0, 1.0]
chariti	[1.0, 0, 0]
tour	[0, 1.0, 0]
gene	[0.5, 0, 0.5]
calalog	[0, 1.0, 0]
immedi	[0, 1.0, 0]
islam	[1.0, 0, 0]
eastern	[1.0, 0, 0]
bee	[0, 0.3333333333333333, 0.6666666666666666]
sticker	[1.0, 0, 0]
canticl	[1.0, 0, 0]
aspect	[0.5, 0.5, 0]
fallibl	[1.0, 0, 0]
contrib	[0, 1.0, 0]
remark	[0, 1.0, 0]
houston	[0, 1.0, 0]
horizon	[0, 1.0, 0]
totten	[0, 1.0, 0]
satisfactori	[0, 1.0, 0]
ellen	[0, 0, 1.0]
cross	[0, 0.75, 0.25]
neighbourhood	[1.0, 0, 0]
powel	[0, 1.0, 0]
invalu	[0, 0, 1.0]
dicipl	[1.0, 0, 0]
austin	[1.0, 0, 0]
wipe	[1.0, 0, 0]
checkbox	[0, 1.0, 0]
buchanan	[0, 0, 1.0]
usag	[0.5, 0.25, 0.25]
ghost	[0, 0.3333333333333333, 0.6666666666666666]
sabl	[0, 0, 1.0]
sublet	[0, 0, 1.0]
zurlo	[1.0, 0, 0]
sake	[1.0, 0, 0]
unomaha	[0, 1.0, 0]
iie	[0, 0, 1.0]
gatech	[0, 1.0, 0]
prioriti	[0, 0, 1.0]
rent	[0, 0, 1.0]
current	[0.1, 0.6, 0.3]
south	[0.5, 0, 0.5]
weit	[0, 1.0, 0]
captain	[0, 0, 1.0]
despar	[0, 0, 1.0]
geometri	[0, 1.0, 0]
meme	[1.0, 0, 0]
glen	[0, 1.0, 0]
vari	[0.25, 0.5, 0.25]
vine	[0, 0, 1.0]
kinda	[0, 0, 1.0]
nntpd	[0, 0, 1.0]
dad	[0, 0, 1.0]
tha	[0, 1.0, 0]
zenith	[0, 0, 1.0]
financi	[1.0, 0, 0]
morton	[0, 0, 1.0]
swinburn	[1.0, 0, 0]
maker	[0, 1.0, 0]
payabl	[0, 1.0, 0]
lcii	[0, 1.0, 0]
proven	[0, 0, 1.0]
triangl	[0, 1.0, 0]
ncr	[0, 1.0, 0]
respons	[0.2727272727272727, 0.36363636363636365, 0.36363636363636365]
amaz	[0, 0, 1.0]
situat	[0.6, 0.4, 0]
michael	[0.25, 0.5, 0.25]
fang	[0, 0, 1.0]
kenneth	[0, 1.0, 0]
wire	[1.0, 0, 0]
greatli	[0, 1.0, 0]
hesit	[0, 0, 1.0]
depth	[0.25, 0.5, 0.25]
sun	[0, 1.0, 0]
coplanar	[0, 1.0, 0]
charact	[0.3333333333333333, 0.3333333333333333, 0.3333333333333333]
nation	[0.5, 0.5, 0]
usual	[1.0, 0, 0]
watson	[0.3333333333333333, 0.6666666666666666, 0]
institut	[0.3333333333333333, 0.3333333333333333, 0.3333333333333333]
summari	[0, 1.0, 0]
creed	[1.0, 0, 0]
barri	[0, 1.0, 0]
rare	[1.0, 0, 0]
impract	[1.0, 0, 0]
destruct	[1.0, 0, 0]
stefan	[0, 1.0, 0]
trash	[0, 1.0, 0]
harm	[1.0, 0, 0]
cheng	[0, 0, 1.0]
misc	[0, 0.5, 0.5]
advanc	[0.125, 0.75, 0.125]
luxuri	[1.0, 0, 0]
resolut	[0, 1.0, 0]
weimar	[0, 1.0, 0]
reserv	[0, 1.0, 0]
quick	[0.5, 0.5, 0]
reliabl	[0.3333333333333333, 0.3333333333333333, 0.3333333333333333]
ssd	[0, 0, 1.0]
international	[1.0, 0, 0]
kitchen	[0, 0, 1.0]
mil	[0, 1.0, 0]
hobnob	[1.0, 0, 0]
moi	[0, 0, 1.0]
materi	[0.25, 0.5, 0.25]
nearbi	[0, 1.0, 0]
davi	[1.0, 0, 0]
toolkit	[0, 0.6666666666666666, 0.3333333333333333]
upenn	[0, 1.0, 0]
jbrown	[1.0, 0, 0]
circuit	[1.0, 0, 0]
impress	[0, 1.0, 0]
leli	[1.0, 0, 0]
opinion	[0.45454545454545453, 0.18181818181818182, 0.36363636363636365]
lion	[1.0, 0, 0]
individu	[1.0, 0, 0]
denton	[0, 1.0, 0]
correctli	[0, 1.0, 0]
ricki	[0, 1.0, 0]
tune	[0, 1.0, 0]
arguabl	[1.0, 0, 0]
lifetim	[1.0, 0, 0]
saint	[1.0, 0, 0]
independ	[0.6, 0.4, 0]
fashion	[0, 1.0, 0]
enrag	[1.0, 0, 0]
ida	[1.0, 0, 0]
admit	[0.4, 0.4, 0.2]
short	[0.5, 0.5, 0]
implement	[0.5, 0.5, 0]
nois	[0, 1.0, 0]
colorview	[0, 1.0, 0]
norton	[0, 0, 1.0]
bin	[0, 1.0, 0]
mention	[0.5, 0.3333333333333333, 0.16666666666666666]
banner	[1.0, 0, 0]
stand	[0, 0.25, 0.75]
led	[0, 0, 1.0]
phillip	[0, 1.0, 0]
pyramid	[0, 0, 1.0]
joseph	[0, 0, 1.0]
adequ	[1.0, 0, 0]
org	[0.2, 0.4, 0.4]
nsw	[0, 1.0, 0]
denial	[1.0, 0, 0]
dogma	[1.0, 0, 0]
immort	[1.0, 0, 0]
monthli	[1.0, 0, 0]
bastard	[1.0, 0, 0]
letter	[0.6666666666666666, 0, 0.3333333333333333]
hunt	[0.3333333333333333, 0.6666666666666666, 0]
uncomfort	[1.0, 0, 0]
fortran	[0, 1.0, 0]
enlight	[1.0, 0, 0]
intimid	[1.0, 0, 0]
design	[0.25, 0.5, 0.25]
speedstar	[0, 1.0, 0]
develop	[0.3, 0.4, 0.3]
premis	[1.0, 0, 0]
diseas	[1.0, 0, 0]
pascal	[0, 1.0, 0]
lead	[0.3333333333333333, 0.6666666666666666, 0]
blocki	[0, 1.0, 0]
pompou	[1.0, 0, 0]
nasa	[0, 1.0, 0]
cview	[0, 1.0, 0]
parasit	[1.0, 0, 0]
paper	[0.2857142857142857, 0.2857142857142857, 0.42857142857142855]
cheapest	[0, 0, 1.0]
blood	[0.6666666666666666, 0, 0.3333333333333333]
prevent	[0.75, 0.25, 0]
doubt	[1.0, 0, 0]
anecdot	[1.0, 0, 0]
lutz	[0, 1.0, 0]
jpegsrc	[0, 1.0, 0]
rape	[1.0, 0, 0]
psilink	[1.0, 0, 0]
athula	[0, 1.0, 0]
hottest	[0, 0, 1.0]
introduc	[0.6666666666666666, 0.3333333333333333, 0]
spot	[0, 0.75, 0.25]
spec	[0, 1.0, 0]
maxtor	[0, 0, 1.0]
rashli	[0, 1.0, 0]
cire	[0, 0, 1.0]
month	[0, 0.3333333333333333, 0.6666666666666666]
dustcov	[0, 0, 1.0]
player	[0, 0.3333333333333333, 0.6666666666666666]
appli	[0.8, 0.2, 0]
field	[1.0, 0, 0]
move	[0, 0.5, 0.5]
liabil	[0, 1.0, 0]
fundament	[1.0, 0, 0]
wit	[1.0, 0, 0]
manowar	[0, 0, 1.0]
choe	[0, 0, 1.0]
mko	[0, 0, 1.0]
forc	[0.3333333333333333, 0.3333333333333333, 0.3333333333333333]
nonprofession	[0, 1.0, 0]
cshw	[0, 1.0, 0]
movi	[0, 0.6, 0.4]
kuweit	[1.0, 0, 0]
model	[0, 0.4, 0.6]
cheapo	[0, 0, 1.0]
minor	[0.3333333333333333, 0.3333333333333333, 0.3333333333333333]
detect	[1.0, 0, 0]
atheism	[1.0, 0, 0]
finit	[0, 1.0, 0]
bradlei	[0, 1.0, 0]
ei	[0, 0, 1.0]
royalti	[0, 1.0, 0]
dtmedin	[0, 0, 1.0]
step	[0.3333333333333333, 0.3333333333333333, 0.3333333333333333]
mars	[0, 1.0, 0]
tale	[0.5, 0, 0.5]
hex	[0, 1.0, 0]
egyptian	[0, 0, 1.0]
magnu	[0, 0, 1.0]
poli	[0, 0, 1.0]
transceiv	[0, 0, 1.0]
makeup	[1.0, 0, 0]
irretriev	[0, 1.0, 0]
revok	[1.0, 0, 0]
dec	[0, 0.6666666666666666, 0.3333333333333333]
tychai	[0, 1.0, 0]
clock	[0, 1.0, 0]
compon	[0, 1.0, 0]
moon	[0, 0, 1.0]
fund	[1.0, 0, 0]
victim	[0.8, 0, 0.2]
nope	[0.5, 0, 0.5]
merit	[1.0, 0, 0]
overpopul	[1.0, 0, 0]
baltimor	[1.0, 0, 0]
nintendocontrol	[0, 0, 1.0]
rapist	[1.0, 0, 0]
postscript	[0, 1.0, 0]
vallei	[0, 0.5, 0.5]
unambigu	[1.0, 0, 0]
lee	[0, 0, 1.0]
obei	[1.0, 0, 0]
succumb	[0, 0, 1.0]
direct	[0.2857142857142857, 0.42857142857142855, 0.2857142857142857]
analyz	[0, 1.0, 0]
ffrf	[1.0, 0, 0]
dynam	[0, 1.0, 0]
system	[0.47368421052631576, 0.15789473684210525, 0.3684210526315789]
spatial	[0, 1.0, 0]
spl	[0, 0, 1.0]
livesei	[1.0, 0, 0]
codec	[0, 1.0, 0]
sensori	[1.0, 0, 0]
vicar	[1.0, 0, 0]
hit	[0, 0, 1.0]
mscrap	[0, 1.0, 0]
diener	[1.0, 0, 0]
ant	[0, 0, 1.0]
ratio	[0, 1.0, 0]
genedlaethol	[0, 1.0, 0]
captur	[0, 1.0, 0]
reput	[0, 1.0, 0]
plot	[0, 1.0, 0]
tue	[0, 1.0, 0]
rick	[0, 0.6666666666666666, 0.3333333333333333]
nuke	[0, 0, 1.0]
icu	[0, 0, 1.0]
initi	[0, 1.0, 0]
rocket	[0, 0, 1.0]
stealth	[1.0, 0, 0]
joint	[0, 1.0, 0]
gov	[0, 0.75, 0.25]
motherboard	[0, 0, 1.0]
jon	[1.0, 0, 0]
programm	[0, 1.0, 0]
inzero	[0, 0, 1.0]
manuel	[0, 0, 1.0]
pic	[0, 1.0, 0]
virtu	[1.0, 0, 0]
priest	[1.0, 0, 0]
automobil	[1.0, 0, 0]
constantin	[0, 0, 1.0]
dave	[0, 0.4, 0.6]
uniqu	[0, 1.0, 0]
cozzarelli	[0, 0, 1.0]
venom	[0, 0, 1.0]
morpholog	[0, 1.0, 0]
backlash	[1.0, 0, 0]
prnt	[0, 0, 1.0]
moron	[0, 1.0, 0]
expert	[0.5, 0.5, 0]
frequent	[0.3333333333333333, 0.3333333333333333, 0.3333333333333333]
bitmap	[0, 1.0, 0]
economi	[0, 0, 1.0]
dan	[0.6666666666666666, 0.3333333333333333, 0]
close	[0.875, 0.125, 0]
sloppi	[0, 1.0, 0]
amann	[0, 1.0, 0]
provabl	[1.0, 0, 0]
thssjxy	[0, 0, 1.0]
orient	[0, 1.0, 0]
plastic	[0.25, 0, 0.75]
challang	[0, 0, 1.0]
mysit	[0, 1.0, 0]
vultur	[0, 0, 1.0]
ati	[0, 1.0, 0]
major	[0.2222222222222222, 0.4444444444444444, 0.3333333333333333]
cco	[0, 0, 1.0]
nobl	[0, 1.0, 0]
hassl	[0, 1.0, 0]
mine	[0.25, 0.25, 0.5]
schneider	[1.0, 0, 0]
shortli	[0, 1.0, 0]
haven	[0.3333333333333333, 0.5, 0.16666666666666666]
san	[0.3333333333333333, 0, 0.6666666666666666]
spangl	[1.0, 0, 0]
ceremoni	[1.0, 0, 0]
crate	[0, 0, 1.0]
upload	[0, 1.0, 0]
swamp	[0, 0, 1.0]
archer	[0, 0, 1.0]
pick	[0, 0.5, 0.5]
crai	[0, 1.0, 0]
pound	[0, 1.0, 0]
applic	[0.2222222222222222, 0.5555555555555556, 0.2222222222222222]
mout	[0, 0, 1.0]
nch	[0, 0, 1.0]
squash	[0, 1.0, 0]
fairli	[0.5, 0.5, 0]
quicktim	[0, 1.0, 0]
macromind	[0, 1.0, 0]
attempt	[0.8333333333333334, 0.16666666666666666, 0]
london	[0.5, 0.5, 0]
item	[0, 0, 1.0]
network	[0, 0.5714285714285714, 0.42857142857142855]
shadowg	[0, 0, 1.0]
centr	[0, 1.0, 0]
bigger	[0.5, 0.5, 0]
love	[0.25, 0.25, 0.5]
highli	[0.2, 0.6, 0.2]
gmt	[0, 1.0, 0]
gulshan	[0, 0, 1.0]
larger	[0.4, 0.2, 0.4]
ourselv	[1.0, 0, 0]
mohammad	[0.5, 0.5, 0]
rule	[0.7142857142857143, 0.14285714285714285, 0.14285714285714285]
compet	[1.0, 0, 0]
bother	[0, 0, 1.0]
america	[0.5, 0, 0.5]
receiv	[0.3333333333333333, 0.3333333333333333, 0.3333333333333333]
danger	[0.5, 0.5, 0]
ey	[0, 0.5, 0.5]
content	[0.5, 0.5, 0]
ordinarili	[1.0, 0, 0]
fail	[0.3333333333333333, 0.3333333333333333, 0.3333333333333333]
bb	[0, 0.6666666666666666, 0.3333333333333333]
miata	[0, 0, 1.0]
build	[0.3333333333333333, 0.3333333333333333, 0.3333333333333333]
suppress	[1.0, 0, 0]
oac	[0, 1.0, 0]
miller	[0.5, 0, 0.5]
buddhism	[1.0, 0, 0]
sand	[1.0, 0, 0]
tetrahedron	[0, 1.0, 0]
entropi	[0, 1.0, 0]
resoult	[0, 1.0, 0]
dempster	[0, 0, 1.0]
joe	[0.25, 0.25, 0.5]
senior	[0, 0, 1.0]
fraction	[0, 0, 1.0]
export	[0, 1.0, 0]
contribut	[0.5, 0.5, 0]
willard	[0, 1.0, 0]
encroach	[1.0, 0, 0]
deterior	[1.0, 0, 0]
runtim	[0, 0, 1.0]
marc	[0, 0, 1.0]
equip	[0, 0.5, 0.5]
overlaid	[0, 1.0, 0]
driven	[1.0, 0, 0]
nth	[0, 0, 1.0]
maraud	[0, 0, 1.0]
ethernet	[0, 0, 1.0]
lynn	[1.0, 0, 0]
corrupt	[0, 1.0, 0]
sganet	[0, 0, 1.0]
ivr	[0, 1.0, 0]
margin	[0, 1.0, 0]
maxim	[1.0, 0, 0]
formul	[1.0, 0, 0]
select	[0.5, 0.5, 0]
addit	[0, 0.6666666666666666, 0.3333333333333333]
mistaken	[1.0, 0, 0]
minimum	[0.2, 0.2, 0.6]
crash	[0.25, 0.75, 0]
flame	[0, 0.6, 0.4]
net	[0.42857142857142855, 0.5714285714285714, 0]
housekeep	[0, 1.0, 0]
main	[0.6666666666666666, 0, 0.3333333333333333]
arrang	[0, 0.5, 0.5]
fidonet	[0, 0.5, 0.5]
studi	[1.0, 0, 0]
imaginari	[1.0, 0, 0]
coffe	[1.0, 0, 0]
hardcov	[1.0, 0, 0]
clip	[0, 1.0, 0]
format	[0, 1.0, 0]
control	[0.1111111111111111, 0, 0.8888888888888888]
felder	[1.0, 0, 0]
blueprint	[1.0, 0, 0]
pcx	[0, 1.0, 0]
ilbm	[0, 1.0, 0]
agnost	[1.0, 0, 0]
plan	[0.3333333333333333, 0.6666666666666666, 0]
silicon	[1.0, 0, 0]
facil	[0, 1.0, 0]
prior	[0, 1.0, 0]
mercuri	[0, 0.3333333333333333, 0.6666666666666666]
replai	[0, 1.0, 0]
uwaterloo	[0, 1.0, 0]
half	[0, 0.2, 0.8]
daredevil	[0, 0, 1.0]
book	[0.15384615384615385, 0.23076923076923078, 0.6153846153846154]
colleg	[0, 0.5, 0.5]
multiwai	[0, 1.0, 0]
dark	[0, 0.3333333333333333, 0.6666666666666666]
envelop	[0, 0, 1.0]
lai	[0, 0, 1.0]
illus	[0, 1.0, 0]
voter	[1.0, 0, 0]
trend	[1.0, 0, 0]
var	[0, 0, 1.0]
netherland	[0, 1.0, 0]
ignor	[1.0, 0, 0]
belt	[0, 1.0, 0]
lucki	[0, 1.0, 0]
todd	[0, 0, 1.0]
union	[0.3333333333333333, 0, 0.6666666666666666]
mount	[0, 0, 1.0]
garag	[0, 0, 1.0]
margaret	[1.0, 0, 0]
bit	[0.08333333333333333, 0.9166666666666666, 0]
analog	[1.0, 0, 0]
simultan	[0, 1.0, 0]
cormack	[0, 1.0, 0]
lotsa	[0, 0, 1.0]
choic	[0.375, 0.5, 0.125]
starter	[0, 1.0, 0]
wors	[0.5, 0.5, 0]
mjw	[0, 1.0, 0]
locat	[0, 0.75, 0.25]
hear	[0, 1.0, 0]
bewar	[1.0, 0, 0]
fool	[0, 1.0, 0]
caution	[0, 1.0, 0]
morph	[0, 1.0, 0]
backup	[0, 0, 1.0]
drug	[1.0, 0, 0]
messi	[0, 1.0, 0]
intern	[0, 0.8, 0.2]
eat	[0, 0.5, 0.5]
handmaid	[1.0, 0, 0]
audio	[0, 0.5, 0.5]
rai	[0, 1.0, 0]
spiderman	[0, 0, 1.0]
troubl	[0.16666666666666666, 0.8333333333333334, 0]
grapholog	[1.0, 0, 0]
spend	[0.3333333333333333, 0.3333333333333333, 0.3333333333333333]
guardian	[0, 0, 1.0]
uncov	[1.0, 0, 0]
tube	[0, 0, 1.0]
dover	[0, 0, 1.0]
puzzl	[0, 0, 1.0]
kcach	[0, 0, 1.0]
cheap	[0.14285714285714285, 0.14285714285714285, 0.7142857142857143]
extrem	[0.3333333333333333, 0.3333333333333333, 0.3333333333333333]
bitch	[0, 1.0, 0]
actual	[0.3333333333333333, 0.3333333333333333, 0.3333333333333333]
fingertip	[0, 1.0, 0]
risc	[0, 1.0, 0]
technolog	[0.1111111111111111, 0.4444444444444444, 0.4444444444444444]
outcom	[1.0, 0, 0]
alpha	[0, 0, 1.0]
folk	[0.25, 0, 0.75]
sept	[0, 0, 1.0]
semi	[0, 1.0, 0]
measur	[0.25, 0.25, 0.5]
red	[0.3333333333333333, 0, 0.6666666666666666]
experiment	[0.3333333333333333, 0.3333333333333333, 0.3333333333333333]
mwythu	[0, 1.0, 0]
sphere	[0, 1.0, 0]
ibm	[0.1, 0.5, 0.4]
cameron	[1.0, 0, 0]
encompass	[1.0, 0, 0]
import	[0.5, 0.5, 0]
mac	[0, 1.0, 0]
paint	[0, 0.4, 0.6]
wen	[0, 0, 1.0]
riot	[0, 0, 1.0]
solicit	[1.0, 0, 0]
columbu	[0, 1.0, 0]
sale	[0, 0, 1.0]
lha	[0, 1.0, 0]
born	[1.0, 0, 0]
singl	[0.42857142857142855, 0.14285714285714285, 0.42857142857142855]
bund	[1.0, 0, 0]
andrew	[0.5, 0, 0.5]
lack	[0.5, 0.5, 0]
hannov	[1.0, 0, 0]
destroi	[1.0, 0, 0]
thurber	[0, 1.0, 0]
battlechess	[0, 0, 1.0]
valid	[1.0, 0, 0]
recogn	[0.5, 0.5, 0]
extens	[0, 1.0, 0]
rayshad	[0, 1.0, 0]
stage	[0.6666666666666666, 0, 0.3333333333333333]
origin	[0.3333333333333333, 0.23809523809523808, 0.42857142857142855]
industri	[0.2, 0.6, 0.2]
futil	[1.0, 0, 0]
germani	[1.0, 0, 0]
monti	[0, 1.0, 0]
praetzel	[0, 1.0, 0]
jpl	[0, 1.0, 0]
modifi	[0.6666666666666666, 0.3333333333333333, 0]
seclud	[0, 0, 1.0]
mon	[0, 0, 1.0]
william	[0, 1.0, 0]
elsa	[0, 1.0, 0]
light	[0.3333333333333333, 0.3333333333333333, 0.3333333333333333]
rochest	[0, 0, 1.0]
informationen	[1.0, 0, 0]
dagger	[0, 0, 1.0]
peopl	[0.7391304347826086, 0.13043478260869565, 0.13043478260869565]
calstat	[0, 0, 1.0]
broadwai	[0, 0, 1.0]
accomod	[0, 1.0, 0]
previous	[0.5, 0.5, 0]
aust	[0, 1.0, 0]
head	[0, 0.3333333333333333, 0.6666666666666666]
clarendon	[1.0, 0, 0]
alan	[0, 0, 1.0]
bank	[1.0, 0, 0]
dismiss	[1.0, 0, 0]
scholarli	[1.0, 0, 0]
counter	[0.5, 0, 0.5]
cloak	[0, 0, 1.0]
ogp	[0, 0, 1.0]
impli	[0.8, 0.2, 0]
inch	[0, 0, 1.0]
critiqu	[1.0, 0, 0]
understand	[0.5454545454545454, 0.36363636363636365, 0.09090909090909091]
fondamental	[0, 1.0, 0]
spectrum	[1.0, 0, 0]
incident	[0, 1.0, 0]
judaism	[1.0, 0, 0]
api	[0, 0.5, 0.5]
turbo	[0, 1.0, 0]
final	[0.2, 0.6, 0.2]
rob	[0.3333333333333333, 0, 0.6666666666666666]
wpd	[1.0, 0, 0]
brought	[0.5, 0, 0.5]
advic	[0, 1.0, 0]
fist	[0, 0.3333333333333333, 0.6666666666666666]
parallel	[0.16666666666666666, 0.5, 0.3333333333333333]
adob	[0, 1.0, 0]
photosynthesi	[1.0, 0, 0]
conwai	[1.0, 0, 0]
honor	[1.0, 0, 0]
twist	[1.0, 0, 0]
highland	[0, 0, 1.0]
cast	[1.0, 0, 0]
blocksmooth	[0, 1.0, 0]
mpeg	[0, 1.0, 0]
rchland	[0, 1.0, 0]
document	[0.2, 0.4, 0.4]
max	[0, 1.0, 0]
netlink	[0, 0, 1.0]
politisch	[1.0, 0, 0]
float	[0, 1.0, 0]
apt	[0, 0, 1.0]
hint	[0, 0.5, 0.5]
realiti	[0.6, 0.4, 0]
larg	[0.25, 0.125, 0.625]
orion	[0, 1.0, 0]
colon	[1.0, 0, 0]
allen	[1.0, 0, 0]
mud	[0, 0, 1.0]
indiana	[0, 1.0, 0]
forget	[0.5, 0.5, 0]
kawai	[0, 0, 1.0]
shelter	[1.0, 0, 0]
solntz	[1.0, 0, 0]
util	[0.14285714285714285, 0.2857142857142857, 0.5714285714285714]
doctrin	[0.5, 0.5, 0]
customiz	[0, 0, 1.0]
ftpabl	[0, 1.0, 0]
utah	[0, 1.0, 0]
workstat	[0, 1.0, 0]
foreign	[1.0, 0, 0]
behold	[0, 0, 1.0]
disch	[1.0, 0, 0]
subwoof	[0, 0, 1.0]
vital	[1.0, 0, 0]
xli	[0, 1.0, 0]
fp	[0, 1.0, 0]
darkhawk	[0, 0, 1.0]
edgar	[1.0, 0, 0]
unbeliev	[1.0, 0, 0]
bmw	[0, 0, 1.0]
recogniz	[0, 1.0, 0]
obviou	[0.6666666666666666, 0.3333333333333333, 0]
ork	[1.0, 0, 0]
ra	[1.0, 0, 0]
hous	[0, 0.5, 0.5]
col	[0, 0, 1.0]
marvel	[0, 0, 1.0]
perfect	[0.5, 0.375, 0.125]
figuer	[0, 0, 1.0]
moral	[1.0, 0, 0]
lill	[0, 1.0, 0]
fall	[0.6, 0.2, 0.2]
neg	[0.6666666666666666, 0, 0.3333333333333333]
fuzzi	[0, 1.0, 0]
phenomena	[1.0, 0, 0]
maxx	[0, 0, 1.0]
chessmast	[0, 0, 1.0]
wecj	[0, 1.0, 0]
fire	[0.6666666666666666, 0, 0.3333333333333333]
mini	[0, 0.4, 0.6]
platinga	[1.0, 0, 0]
maximum	[0, 0.5, 0.5]
mram	[0, 0, 1.0]
crimin	[1.0, 0, 0]
falguier	[0, 1.0, 0]
creep	[0, 0, 1.0]
justi	[1.0, 0, 0]
opera	[0, 1.0, 0]
richard	[0.25, 0.5, 0.25]
jeffo	[0, 0, 1.0]
pant	[0, 1.0, 0]
compact	[0, 1.0, 0]
collier	[0, 1.0, 0]
communist	[1.0, 0, 0]
box	[0.11764705882352941, 0.4117647058823529, 0.47058823529411764]
meet	[0.3333333333333333, 0.3333333333333333, 0.3333333333333333]
persecut	[1.0, 0, 0]
crucial	[0.5, 0.5, 0]
wpi	[0, 0, 1.0]
ingr	[0, 0, 1.0]
pursuit	[0.5, 0, 0.5]
onlin	[0, 0, 1.0]
gtotten	[0, 1.0, 0]
psycholog	[0.6666666666666666, 0, 0.3333333333333333]
hernandez	[0, 1.0, 0]
manual	[0, 0.09090909090909091, 0.9090909090909091]
poster	[0.3333333333333333, 0.16666666666666666, 0.5]
prc	[1.0, 0, 0]
bullsey	[0, 0, 1.0]
beneath	[1.0, 0, 0]
avail	[0, 0, 1.0]
carburetor	[0, 0, 1.0]
propog	[0.5, 0.5, 0]
massei	[0, 1.0, 0]
shortest	[1.0, 0, 0]
manhattan	[1.0, 0, 0]
psi	[0, 0, 1.0]
elvira	[0, 0, 1.0]
game	[0.25, 0.16666666666666666, 0.5833333333333334]
technic	[0, 0.6666666666666666, 0.3333333333333333]
enhanc	[0, 0.4, 0.6]
protect	[0, 0, 1.0]
septemb	[1.0, 0, 0]
oil	[0, 0, 1.0]
pgpinfo	[1.0, 0, 0]
viewtek	[0, 1.0, 0]
propos	[1.0, 0, 0]
judgement	[0, 0, 1.0]
matter	[1.0, 0, 0]
herman	[0, 1.0, 0]
orang	[1.0, 0, 0]
profit	[0, 1.0, 0]
adopt	[0.5, 0.5, 0]
evil	[1.0, 0, 0]
eerp	[0, 1.0, 0]
honestli	[1.0, 0, 0]
trai	[0, 0, 1.0]
scale	[0, 0.75, 0.25]
useless	[0, 1.0, 0]
retold	[0, 0, 1.0]
battl	[0, 0, 1.0]
alloi	[0, 0, 1.0]
subtitl	[1.0, 0, 0]
mere	[0, 0, 1.0]
xyz	[0, 0, 1.0]
june	[0, 1.0, 0]
pseudo	[1.0, 0, 0]
philosophi	[1.0, 0, 0]
mass	[1.0, 0, 0]
watt	[0, 0, 1.0]
commun	[0.25, 0.25, 0.5]
summon	[1.0, 0, 0]
twisti	[0, 0, 1.0]
grant	[0, 1.0, 0]
amus	[0.5, 0.5, 0]
literatur	[0, 1.0, 0]
vali	[1.0, 0, 0]
denounc	[1.0, 0, 0]
persuad	[1.0, 0, 0]
push	[1.0, 0, 0]
predat	[0, 0.5, 0.5]
loss	[0, 1.0, 0]
somedai	[1.0, 0, 0]
video	[0, 0.6153846153846154, 0.38461538461538464]
freak	[0, 0, 1.0]
benedikt	[1.0, 0, 0]
regist	[0, 1.0, 0]
whit	[1.0, 0, 0]
percent	[0.5, 0.5, 0]
widen	[1.0, 0, 0]
citizen	[1.0, 0, 0]
salvat	[1.0, 0, 0]
enjoy	[0.5, 0, 0.5]
honer	[0, 0, 1.0]
ohiou	[0, 0, 1.0]
emphasi	[1.0, 0, 0]
deccrl	[0, 0, 1.0]
pa	[0, 0, 1.0]
lanview	[0, 0, 1.0]
dazzler	[0, 0, 1.0]
accid	[1.0, 0, 0]
seldom	[0, 1.0, 0]
jpegv	[0, 1.0, 0]
timeshar	[0, 0, 1.0]
imgarc	[0, 1.0, 0]
uumind	[0, 1.0, 0]
predominantli	[1.0, 0, 0]
stabil	[0, 0, 1.0]
consciou	[1.0, 0, 0]
dbase	[0, 0, 1.0]
mile	[0, 0.25, 0.75]
rapid	[0, 1.0, 0]
milnet	[0, 1.0, 0]
wai	[0.3333333333333333, 0.6666666666666666, 0]
inconsist	[0.5, 0.5, 0]
turf	[0, 1.0, 0]
kick	[0, 1.0, 0]
tool	[0, 0.5555555555555556, 0.4444444444444444]
darwin	[1.0, 0, 0]
retriev	[0, 1.0, 0]
app	[0, 0.2, 0.8]
ragman	[0, 0, 1.0]
toni	[0, 1.0, 0]
speci	[1.0, 0, 0]
witch	[0, 0, 1.0]
prison	[1.0, 0, 0]
luck	[0.5, 0.5, 0]
unaccept	[1.0, 0, 0]
roland	[0, 0, 1.0]
embarass	[0, 1.0, 0]
queen	[1.0, 0, 0]
garnet	[0, 0, 1.0]
evolut	[1.0, 0, 0]
planet	[1.0, 0, 0]
segment	[0.5, 0.5, 0]
convinc	[1.0, 0, 0]
terrychai	[0, 1.0, 0]
pictcompressor	[0, 1.0, 0]
pop	[0, 0.25, 0.75]
librari	[0.14285714285714285, 0.7142857142857143, 0.14285714285714285]
tini	[0, 1.0, 0]
eec	[0, 0, 1.0]
campu	[0.6666666666666666, 0, 0.3333333333333333]
magu	[0, 0, 1.0]
abort	[1.0, 0, 0]
pathet	[1.0, 0, 0]
genesi	[0, 0, 1.0]
sea	[1.0, 0, 0]
alchemi	[0, 1.0, 0]
mesa	[0, 0, 1.0]
jrl	[0, 1.0, 0]
forumula	[0, 0, 1.0]
afternoon	[0, 0, 1.0]
reid	[0, 0, 1.0]
action	[1.0, 0, 0]
download	[0, 0.6666666666666666, 0.3333333333333333]
diari	[1.0, 0, 0]
cdromcat	[0, 0, 1.0]
appl	[0.125, 0.375, 0.5]
gun	[0.5, 0, 0.5]
famili	[0.6666666666666666, 0.3333333333333333, 0]
addison	[0, 0, 1.0]
fanci	[0, 1.0, 0]
unipolar	[1.0, 0, 0]
seller	[0, 0, 1.0]
reveng	[1.0, 0, 0]
hume	[1.0, 0, 0]
augjpeg	[0, 1.0, 0]
incorpor	[0, 1.0, 0]
macquari	[0, 1.0, 0]
reform	[1.0, 0, 0]
apr	[0.3684210526315789, 0.47368421052631576, 0.15789473684210525]
theocraci	[1.0, 0, 0]
joystick	[0, 0.5, 0.5]
weslei	[0, 0, 1.0]
save	[0.1111111111111111, 0.2222222222222222, 0.6666666666666666]
ct	[0, 0, 1.0]
interect	[0, 1.0, 0]
focu	[0, 0, 1.0]
worri	[0.3333333333333333, 0.6666666666666666, 0]
assembl	[1.0, 0, 0]
articl	[0.53125, 0.375, 0.09375]
transform	[0.3333333333333333, 0.3333333333333333, 0.3333333333333333]
dedic	[1.0, 0, 0]
famou	[0.5, 0, 0.5]
smith	[0, 0, 1.0]
illinoi	[0, 0.5, 0.5]
grade	[0, 0, 1.0]
numner	[1.0, 0, 0]
junk	[0, 0, 1.0]
flashi	[0, 1.0, 0]
monash	[1.0, 0, 0]
guid	[0, 0.3333333333333333, 0.6666666666666666]
cohes	[1.0, 0, 0]
rom	[0, 0.6666666666666666, 0.3333333333333333]
dmorf	[0, 1.0, 0]
stuff	[0.14285714285714285, 0.14285714285714285, 0.7142857142857143]
white	[0.16666666666666666, 0.3333333333333333, 0.5]
consist	[0.3333333333333333, 0.6666666666666666, 0]
pleas	[0, 1.0, 0]
mt	[0, 0, 1.0]
shatterstar	[0, 0, 1.0]
thano	[0, 0, 1.0]
prize	[0.5, 0.5, 0]
lose	[0.5, 0.5, 0]
neural	[0, 1.0, 0]
mankind	[0.5, 0.5, 0]
vga	[0, 0.6666666666666666, 0.3333333333333333]
refut	[1.0, 0, 0]
resist	[0.6666666666666666, 0, 0.3333333333333333]
misread	[0, 1.0, 0]
galaxi	[0, 0, 1.0]
class	[0.4, 0.2, 0.4]
gui	[0, 1.0, 0]
healer	[1.0, 0, 0]
daili	[0, 1.0, 0]
rectangular	[0, 1.0, 0]
prof	[0, 1.0, 0]
dealer	[0, 0, 1.0]
prestig	[0, 0, 1.0]
monk	[1.0, 0, 0]
program	[0, 0.6666666666666666, 0.3333333333333333]
mc	[0, 1.0, 0]
gisatl	[0, 1.0, 0]
multiplan	[0, 0, 1.0]
imag	[0, 0.8125, 0.1875]
bam	[0, 0, 1.0]
cleric	[1.0, 0, 0]
convers	[0.25, 0.75, 0]
pnmconvol	[0, 1.0, 0]
barrel	[0, 0, 1.0]
mincer	[1.0, 0, 0]
lossi	[0, 1.0, 0]
sole	[1.0, 0, 0]
rest	[0.6666666666666666, 0.3333333333333333, 0]
minh	[0, 0, 1.0]
guess	[0, 0.3333333333333333, 0.6666666666666666]
instrument	[0, 0, 1.0]
lectur	[0, 0, 1.0]
jrm	[0, 0, 1.0]
inform	[0.29411764705882354, 0.47058823529411764, 0.23529411764705882]
skillcraft	[0, 0, 1.0]
figur	[1.0, 0, 0]
georg	[1.0, 0, 0]
disadvantag	[0, 1.0, 0]
hard	[0.25, 0.25, 0.5]
vulner	[1.0, 0, 0]
vnet	[0, 1.0, 0]
josh	[0, 1.0, 0]
lens	[0, 0, 1.0]
associ	[0.6666666666666666, 0.16666666666666666, 0.16666666666666666]
feynman	[0, 1.0, 0]
social	[0.6666666666666666, 0.3333333333333333, 0]
defragg	[0, 0, 1.0]
outrag	[1.0, 0, 0]
appreci	[0, 0.75, 0.25]
pocono	[0, 0, 1.0]
ahh	[0, 0, 1.0]
note	[0.3333333333333333, 0.3333333333333333, 0.3333333333333333]
understood	[1.0, 0, 0]
feral	[0, 0, 1.0]
glenn	[1.0, 0, 0]
counterargu	[1.0, 0, 0]
shouldn	[0.5, 0.5, 0]
speak	[0.6, 0.2, 0.2]
lib	[0, 1.0, 0]
vesa	[0, 0.8, 0.2]
creator	[1.0, 0, 0]
toilet	[1.0, 0, 0]
heavi	[0.3333333333333333, 0.3333333333333333, 0.3333333333333333]
shoddi	[0, 1.0, 0]
duti	[0, 0, 1.0]
acid	[0, 0, 1.0]
fantasi	[0.5, 0.5, 0]
accolad	[0, 0, 1.0]
empow	[0, 0, 1.0]
modul	[0, 0.5, 0.5]
ball	[1.0, 0, 0]
imageviiew	[0, 1.0, 0]
cost	[0.2857142857142857, 0.2857142857142857, 0.42857142857142855]
databas	[0, 0.4, 0.6]
theist	[1.0, 0, 0]
tutori	[0, 0, 1.0]
forward	[0, 0, 1.0]
gai	[1.0, 0, 0]
examin	[1.0, 0, 0]
keyword	[0, 0.5, 0.5]
huxlei	[1.0, 0, 0]
credibl	[1.0, 0, 0]
ikegami	[0, 0, 1.0]
issu	[0.5, 0.3333333333333333, 0.16666666666666666]
optimist	[0, 1.0, 0]
logo	[0, 0, 1.0]
substanc	[1.0, 0, 0]
furnish	[0, 0, 1.0]
decid	[1.0, 0, 0]
interact	[0.5, 0.5, 0]
iig	[0, 0, 1.0]
pillar	[1.0, 0, 0]
summer	[0, 0, 1.0]
telephon	[0.5, 0.5, 0]
search	[0.6666666666666666, 0, 0.3333333333333333]
montreal	[0, 0, 1.0]
bboard	[0, 1.0, 0]
citi	[0, 1.0, 0]
engag	[1.0, 0, 0]
strip	[0, 1.0, 0]
civil	[1.0, 0, 0]
send	[0.11764705882352941, 0.4117647058823529, 0.47058823529411764]
canberra	[0, 1.0, 0]
coupl	[0, 0.6, 0.4]
printscreen	[0, 1.0, 0]
discourag	[1.0, 0, 0]
structur	[0, 1.0, 0]
coldest	[0, 0, 1.0]
agnostic	[1.0, 0, 0]
gfx	[0, 1.0, 0]
fla	[0, 0, 1.0]
negoti	[0, 0, 1.0]
board	[0.14285714285714285, 0.14285714285714285, 0.7142857142857143]
anonym	[0, 1.0, 0]
misnom	[0, 1.0, 0]
conduit	[1.0, 0, 0]
explan	[1.0, 0, 0]
leav	[0.2857142857142857, 0.42857142857142855, 0.2857142857142857]
angri	[0, 0, 1.0]
knight	[0, 0, 1.0]
raw	[0, 1.0, 0]
justic	[0.5, 0, 0.5]
fundamentalist	[1.0, 0, 0]
thumbnail	[0, 1.0, 0]
stephen	[0, 0, 1.0]
directori	[0, 1.0, 0]
achiev	[0.3333333333333333, 0.6666666666666666, 0]
uiuc	[0, 0, 1.0]
intermedi	[0, 1.0, 0]
hobb	[0, 1.0, 0]
cychong	[0, 0, 1.0]
atheisten	[1.0, 0, 0]
ted	[0, 0, 1.0]
concret	[0, 0, 1.0]
fight	[0.5, 0, 0.5]
telecom	[0, 0, 1.0]
macki	[1.0, 0, 0]
rene	[0, 1.0, 0]
justifi	[0.5, 0.5, 0]
litmu	[0, 0, 1.0]
hopkin	[1.0, 0, 0]
wax	[0, 0, 1.0]
reilli	[0, 0, 1.0]
impact	[0.6666666666666666, 0.3333333333333333, 0]
winecj	[0, 1.0, 0]
cnew	[0, 0, 1.0]
artwork	[0, 1.0, 0]
metropol	[0, 0, 1.0]
dolphin	[0, 1.0, 0]
bloodshot	[0, 0, 1.0]
init	[0, 0, 1.0]
postal	[0, 0, 1.0]
oxygen	[1.0, 0, 0]
flc	[0, 1.0, 0]
dvpeg	[0, 1.0, 0]
logic	[0.6, 0.4, 0]
clutch	[0, 0, 1.0]
daughterboard	[0, 0, 1.0]
notifi	[0, 1.0, 0]
rider	[0, 0, 1.0]
cod	[0, 0, 1.0]
maze	[0.5, 0, 0.5]
width	[0, 1.0, 0]
spiderslay	[0, 0, 1.0]
jpeg	[0, 1.0, 0]
conclud	[0.6, 0, 0.4]
david	[0, 0.25, 0.75]
sooner	[1.0, 0, 0]
mileag	[1.0, 0, 0]
respect	[0.6666666666666666, 0.3333333333333333, 0]
flyer	[1.0, 0, 0]
liter	[0, 0, 1.0]
daemon	[0, 1.0, 0]
cosmic	[0, 0, 1.0]
easier	[0, 0.5, 0.5]
mellish	[1.0, 0, 0]
verdi	[1.0, 0, 0]
blk	[0, 0, 1.0]
mmm	[0, 0, 1.0]
kraven	[0, 0, 1.0]
spoil	[0, 1.0, 0]
suppli	[0, 0.6666666666666666, 0.3333333333333333]
exactli	[0.2857142857142857, 0.5714285714285714, 0.14285714285714285]
itcnet	[0, 0, 1.0]
tific	[0, 0, 1.0]
contradictori	[1.0, 0, 0]
linear	[0, 1.0, 0]
broken	[0, 0, 1.0]
peterson	[0, 0, 1.0]
discipl	[1.0, 0, 0]
pose	[1.0, 0, 0]
sage	[0, 0, 1.0]
stain	[0, 0, 1.0]
gregg	[1.0, 0, 0]
surfer	[0, 0, 1.0]
cave	[0, 0, 1.0]
rate	[0.1, 0.6, 0.3]
pict	[0, 1.0, 0]
chip	[0, 1.0, 0]
discus	[0, 1.0, 0]
pearl	[0, 0, 1.0]
output	[0, 1.0, 0]
function	[0, 0.5, 0.5]
oti	[0, 1.0, 0]
typic	[0, 0.5, 0.5]
sonic	[0, 0, 1.0]
jet	[0, 0, 1.0]
offici	[0, 0.5, 0.5]
archi	[0, 1.0, 0]
return	[0.14285714285714285, 0.42857142857142855, 0.42857142857142855]
moment	[1.0, 0, 0]
doctor	[1.0, 0, 0]
ursula	[0, 0, 1.0]
uic	[0, 0, 1.0]
amp	[0, 0, 1.0]
aah	[1.0, 0, 0]
director	[1.0, 0, 0]
monopoli	[1.0, 0, 0]
currenc	[1.0, 0, 0]
bizarr	[1.0, 0, 0]
mindlessli	[1.0, 0, 0]
dictionari	[0.6666666666666666, 0, 0.3333333333333333]
hawnew	[0, 1.0, 0]
compli	[0.5, 0.5, 0]
divis	[0, 0.5, 0.5]
grow	[0.3333333333333333, 0.3333333333333333, 0.3333333333333333]
legal	[0.75, 0.25, 0]
integ	[0, 1.0, 0]
notabl	[0, 1.0, 0]
tuegat	[0, 1.0, 0]
simpler	[0.5, 0.5, 0]
button	[0, 0, 1.0]
weapon	[0, 0, 1.0]
thrown	[1.0, 0, 0]
concept	[0.8, 0.2, 0]
sprite	[0, 1.0, 0]
column	[0, 0, 1.0]
regard	[0, 0.6666666666666666, 0.3333333333333333]
rambl	[1.0, 0, 0]
iit	[0, 0, 1.0]
toontown	[0, 1.0, 0]
ident	[0, 1.0, 0]
rfd	[0, 1.0, 0]
workabl	[0, 1.0, 0]
papal	[1.0, 0, 0]
urc	[0, 1.0, 0]
faith	[1.0, 0, 0]
restrict	[1.0, 0, 0]
symbol	[1.0, 0, 0]
obsolet	[0, 1.0, 0]
wisc	[0, 0, 1.0]
neatli	[0, 1.0, 0]
ppmquant	[0, 1.0, 0]
acceler	[0, 1.0, 0]
shut	[0, 0, 1.0]
humanist	[1.0, 0, 0]
relat	[0.25, 0.75, 0]
tek	[1.0, 0, 0]
sharewar	[0, 1.0, 0]
qedbb	[0, 1.0, 0]
street	[0.3333333333333333, 0.3333333333333333, 0.3333333333333333]
ticket	[0, 0, 1.0]
cup	[0.5, 0, 0.5]
school	[1.0, 0, 0]
sig	[0, 1.0, 0]
slower	[0, 1.0, 0]
fee	[0, 0.6666666666666666, 0.3333333333333333]
texa	[0, 0.6666666666666666, 0.3333333333333333]
ponder	[1.0, 0, 0]
deep	[0, 0, 1.0]
buzz	[0, 1.0, 0]
liefeld	[0, 0, 1.0]
rid	[0, 0.2, 0.8]
forum	[0.5, 0.5, 0]
digit	[0, 0.5555555555555556, 0.4444444444444444]
fli	[0, 1.0, 0]
portacio	[0, 0, 1.0]
tif	[0, 1.0, 0]
method	[0.14285714285714285, 0.7142857142857143, 0.14285714285714285]
pro	[0, 1.0, 0]
de	[1.0, 0, 0]
debug	[0, 0, 1.0]
ep	[0, 1.0, 0]
marriag	[1.0, 0, 0]
slot	[0, 0, 1.0]
barsz	[0, 0, 1.0]
avoid	[0.5, 0.3333333333333333, 0.16666666666666666]
cdrom	[0, 0.5, 0.5]
rich	[0, 0, 1.0]
irc	[1.0, 0, 0]
cymdeitha	[0, 1.0, 0]
target	[0.5, 0.5, 0]
devil	[1.0, 0, 0]
list	[0.15, 0.25, 0.6]
engend	[1.0, 0, 0]
color	[0.1, 0.7, 0.2]
freethink	[1.0, 0, 0]
break	[1.0, 0, 0]
happi	[0.5, 0.3333333333333333, 0.16666666666666666]
quadra	[0, 1.0, 0]
sport	[0, 0, 1.0]
ballot	[1.0, 0, 0]
relig	[0, 1.0, 0]
paid	[0.25, 0, 0.75]
vision	[0, 0.3333333333333333, 0.6666666666666666]
wasn	[0.3333333333333333, 0.6666666666666666, 0]
dutch	[0, 1.0, 0]
arbitrari	[0.5, 0.5, 0]
waer	[0, 1.0, 0]
jyusenky	[1.0, 0, 0]
employ	[0, 0, 1.0]
colini	[0, 1.0, 0]
churchhil	[0, 0, 1.0]
airlin	[0.3333333333333333, 0, 0.6666666666666666]
descend	[0, 1.0, 0]
magician	[0, 0, 1.0]
norm	[1.0, 0, 0]
disbelief	[1.0, 0, 0]
twelv	[1.0, 0, 0]
tictact	[0, 0, 1.0]
milwauke	[1.0, 0, 0]
tele	[0, 0, 1.0]
folei	[0, 1.0, 0]
recommend	[0, 0.5, 0.5]
molei	[0, 1.0, 0]
sustain	[0, 0, 1.0]
drag	[0, 0, 1.0]
lestat	[0, 0, 1.0]
shellei	[0, 1.0, 0]
uci	[0, 1.0, 0]
fozzard	[0, 0, 1.0]
blurri	[0, 1.0, 0]
chemic	[0, 0, 1.0]
abil	[0.6666666666666666, 0.3333333333333333, 0]
accompani	[1.0, 0, 0]
perhap	[0.5454545454545454, 0.2727272727272727, 0.18181818181818182]
chapel	[0, 0, 1.0]
souvien	[0, 0, 1.0]
jaw	[0, 0.5, 0.5]
akachhi	[0, 0, 1.0]
codifi	[1.0, 0, 0]
laserjet	[0, 0.5, 0.5]
cmu	[0.5, 0.5, 0]
stereo	[0, 0, 1.0]
ag	[0.5, 0, 0.5]
mitsubishi	[0, 1.0, 0]
fring	[1.0, 0, 0]
earth	[0.16666666666666666, 0.6666666666666666, 0.16666666666666666]
vampir	[0, 0, 1.0]
nextstep	[0, 1.0, 0]
vehic	[1.0, 0, 0]
don	[0.4444444444444444, 0.3055555555555556, 0.25]
intellectu	[1.0, 0, 0]
omit	[0, 1.0, 0]
gordon	[1.0, 0, 0]
bro	[0, 0, 1.0]
aliv	[0.5, 0, 0.5]
uncompress	[0, 1.0, 0]
prometheu	[1.0, 0, 0]
bumper	[1.0, 0, 0]
sheet	[1.0, 0, 0]
ucb	[0, 0, 1.0]
bill	[0, 0.5, 0.5]
timecod	[0, 1.0, 0]
whilst	[1.0, 0, 0]
wolverin	[0, 0, 1.0]
jena	[0, 1.0, 0]
diego	[0, 0, 1.0]
beg	[0, 0.5, 0.5]
jurisprud	[1.0, 0, 0]
fatal	[0.75, 0, 0.25]
refus	[1.0, 0, 0]
steel	[0, 0.25, 0.75]
anthoni	[0, 0, 1.0]
cpu	[0, 1.0, 0]
tinction	[0, 0, 1.0]
marlow	[0, 1.0, 0]
sune	[0, 1.0, 0]
prothan	[0, 0, 1.0]
inabl	[1.0, 0, 0]
dig	[0, 1.0, 0]
explicitli	[1.0, 0, 0]
bryanw	[0, 1.0, 0]
emerson	[0, 0, 1.0]
mozumd	[1.0, 0, 0]
enet	[0, 0.5, 0.5]
whenev	[1.0, 0, 0]
dine	[0, 0, 1.0]
add	[0.4, 0.2, 0.4]
bibl	[1.0, 0, 0]
ground	[1.0, 0, 0]
unfathom	[1.0, 0, 0]
polypropylen	[0, 0, 1.0]
resiz	[0, 1.0, 0]
turner	[0.5, 0.5, 0]
unfriendli	[0, 1.0, 0]
conform	[1.0, 0, 0]
disk	[0, 0.2, 0.8]
chrysler	[0, 1.0, 0]
readm	[0, 1.0, 0]
header	[0, 0.5, 0.5]
posthum	[1.0, 0, 0]
traddodiad	[0, 1.0, 0]
blur	[0, 1.0, 0]
jview	[0, 1.0, 0]
closet	[0, 0, 1.0]
golen	[1.0, 0, 0]
bias	[1.0, 0, 0]
domino	[0, 0, 1.0]
pattern	[0, 1.0, 0]
haggl	[0, 0, 1.0]
vdbsan	[0, 1.0, 0]
arithmet	[0, 1.0, 0]
prestli	[0, 0, 1.0]
lightwav	[0, 1.0, 0]
ebu	[0, 1.0, 0]
profession	[0, 0.5, 0.5]
dull	[1.0, 0, 0]
collaps	[0, 0, 1.0]
implant	[1.0, 0, 0]
odd	[0.8, 0.2, 0]
subgeniu	[1.0, 0, 0]
foolish	[1.0, 0, 0]
machin	[0, 0.5833333333333334, 0.4166666666666667]
hot	[0.5, 0, 0.5]
superior	[0, 0.5, 0.5]
jare	[0, 0, 1.0]
fast	[0, 0.6666666666666666, 0.3333333333333333]
mot	[0, 1.0, 0]
answer	[0.375, 0.5, 0.125]
gover	[0, 0, 1.0]
dinett	[0, 0, 1.0]
frame	[0, 1.0, 0]
low	[0, 0.5, 0.5]
acquisit	[0, 0, 1.0]
termin	[0.3333333333333333, 0.16666666666666666, 0.5]
regular	[0, 0.3333333333333333, 0.6666666666666666]
hpgl	[0, 1.0, 0]
footnot	[0, 0, 1.0]
listen	[0.6666666666666666, 0, 0.3333333333333333]
encount	[1.0, 0, 0]
lcornel	[0, 0, 1.0]
punishn	[1.0, 0, 0]
signal	[0, 0, 1.0]
emerg	[1.0, 0, 0]
elabor	[1.0, 0, 0]
cultur	[1.0, 0, 0]
januari	[0, 0.6666666666666666, 0.3333333333333333]
popular	[0.4, 0.2, 0.4]
testifi	[1.0, 0, 0]
proceed	[0, 1.0, 0]
car	[0.3333333333333333, 0, 0.6666666666666666]
rust	[0, 0, 1.0]
konrad	[0, 0, 1.0]
topic	[0.6666666666666666, 0, 0.3333333333333333]
workmanship	[0, 0, 1.0]
cactu	[0, 1.0, 0]
imagemagick	[0, 1.0, 0]
prophet	[1.0, 0, 0]
ubiquit	[1.0, 0, 0]
arena	[0, 0, 1.0]
oper	[0.16666666666666666, 0.3333333333333333, 0.5]
inferno	[0, 0, 1.0]
vegetarian	[0, 0, 1.0]
announc	[0, 0.75, 0.25]
costum	[0, 0, 1.0]
bui	[0, 0.375, 0.625]
cobra	[0, 0, 1.0]
rial	[0, 0, 1.0]
rais	[0.5, 0, 0.5]
restat	[1.0, 0, 0]
feet	[1.0, 0, 0]
choung	[0, 1.0, 0]
switch	[0.3333333333333333, 0.3333333333333333, 0.3333333333333333]
hardisk	[0, 1.0, 0]
bilinear	[0, 1.0, 0]
instruct	[0, 1.0, 0]
jim	[0.3333333333333333, 0.16666666666666666, 0.5]
win	[0, 1.0, 0]
solo	[0, 0, 1.0]
partli	[0, 1.0, 0]
wealth	[0, 1.0, 0]
vagu	[0.5, 0.5, 0]
revert	[0, 0, 1.0]
prohibit	[1.0, 0, 0]
sinist	[0, 0, 1.0]
feel	[0.5714285714285714, 0.2857142857142857, 0.14285714285714285]
shell	[0.3333333333333333, 0, 0.6666666666666666]
invad	[1.0, 0, 0]
roell	[0, 1.0, 0]
parti	[0.6666666666666666, 0, 0.3333333333333333]
cletu	[0, 0, 1.0]
arbor	[0, 1.0, 0]
newslett	[1.0, 0, 0]
bob	[0.6666666666666666, 0, 0.3333333333333333]
contact	[0, 0.2727272727272727, 0.7272727272727273]
groink	[1.0, 0, 0]
church	[1.0, 0, 0]
distort	[0, 0, 1.0]
harbour	[0, 1.0, 0]
conduct	[1.0, 0, 0]
quit	[0.5454545454545454, 0.36363636363636365, 0.09090909090909091]
occasion	[0.3333333333333333, 0.6666666666666666, 0]
confer	[0, 1.0, 0]
trek	[0, 0, 1.0]
jae	[0, 0, 1.0]
octopu	[0, 0, 1.0]
fernwright	[1.0, 0, 0]
filter	[0, 1.0, 0]
bedroom	[0, 0, 1.0]
proof	[1.0, 0, 0]
replac	[0.3333333333333333, 0.3333333333333333, 0.3333333333333333]
describ	[0.75, 0.25, 0]
consequ	[0.6666666666666666, 0.3333333333333333, 0]
stank	[1.0, 0, 0]
batteri	[0, 0, 1.0]
sometim	[1.0, 0, 0]
jbig	[0, 1.0, 0]
murder	[1.0, 0, 0]
oakland	[0, 1.0, 0]
compress	[0, 1.0, 0]
carnag	[0, 0, 1.0]
psych	[0, 0, 1.0]
milton	[0, 1.0, 0]
olemiss	[0, 0, 1.0]
fictiti	[1.0, 0, 0]
unit	[0.2, 0.4, 0.4]
punish	[0.8888888888888888, 0, 0.1111111111111111]
farlei	[0, 1.0, 0]
ultra	[0, 1.0, 0]
modem	[0, 0, 1.0]
photograph	[0, 1.0, 0]
gold	[0.3333333333333333, 0, 0.6666666666666666]
valu	[0.4, 0.6, 0]
coin	[1.0, 0, 0]
tripo	[0, 1.0, 0]
mistak	[0.5, 0, 0.5]
atl	[0, 1.0, 0]
unc	[0, 0.5, 0.5]
didrectori	[0, 1.0, 0]
subject	[0.375, 0.5, 0.125]
super	[0, 0, 1.0]
farin	[0, 1.0, 0]
domain	[0, 1.0, 0]
polytechn	[0, 0, 1.0]
paraphernalia	[1.0, 0, 0]
comparison	[0, 0.5, 0.5]
univers	[0.17391304347826086, 0.5217391304347826, 0.30434782608695654]
acquir	[0, 1.0, 0]
permeabl	[0, 0, 1.0]
secondari	[0, 0, 1.0]
priam	[0, 0, 1.0]
precomput	[0, 1.0, 0]
globe	[0, 1.0, 0]
scan	[0, 1.0, 0]
applemodem	[0, 0, 1.0]
anim	[0.125, 0.625, 0.25]
previou	[0, 1.0, 0]
prone	[0, 1.0, 0]
unlik	[0, 0, 1.0]
vote	[1.0, 0, 0]
casett	[0, 0, 1.0]
provid	[0.5714285714285714, 0.42857142857142855, 0]
inferior	[0, 1.0, 0]
hooter	[0, 0, 1.0]
cut	[0.3333333333333333, 0.3333333333333333, 0.3333333333333333]
pre	[0, 0, 1.0]
isa	[0, 1.0, 0]
node	[0, 1.0, 0]
tire	[0.6, 0, 0.4]
deskjet	[0, 0, 1.0]
hope	[0.2857142857142857, 0.7142857142857143, 0]
toner	[0, 0, 1.0]
lim	[0, 0, 1.0]
prove	[0.3333333333333333, 0.6666666666666666, 0]
fred	[1.0, 0, 0]
kod	[0, 1.0, 0]
launchpad	[0, 0, 1.0]
interchang	[0, 1.0, 0]
wustl	[0, 1.0, 0]
center	[0, 1.0, 0]
bobb	[1.0, 0, 0]
front	[0, 0, 1.0]
summar	[0, 1.0, 0]
bring	[0.3333333333333333, 0.3333333333333333, 0.3333333333333333]
distinct	[0, 1.0, 0]
unabl	[1.0, 0, 0]
percentag	[0, 1.0, 0]
decent	[0.5, 0.5, 0]
glori	[0.5, 0, 0.5]
expens	[0.16666666666666666, 0.3333333333333333, 0.5]
simtel	[0, 1.0, 0]
unwil	[1.0, 0, 0]
cal	[0, 0, 1.0]
screw	[0, 0, 1.0]
histori	[0.5, 0, 0.5]
hasn	[0, 1.0, 0]
tablehockei	[0, 0, 1.0]
east	[0.3333333333333333, 0.3333333333333333, 0.3333333333333333]
land	[0, 0, 1.0]
mathematiqu	[0, 1.0, 0]
iron	[0.2, 0, 0.8]
deltagraph	[0, 0, 1.0]
chew	[0, 1.0, 0]
poison	[0, 0, 1.0]
rahul	[0, 1.0, 0]
accur	[1.0, 0, 0]
hiview	[0, 1.0, 0]
guitar	[0, 0, 1.0]
tist	[0, 0, 1.0]
exploit	[0, 1.0, 0]
australia	[0, 1.0, 0]
realist	[0, 1.0, 0]
redefinit	[1.0, 0, 0]
jesu	[1.0, 0, 0]
smb	[0, 0, 1.0]
tel	[0, 0.8, 0.2]
carson	[0, 1.0, 0]
airhead	[0, 1.0, 0]
comic	[0, 0, 1.0]
layton	[0, 0, 1.0]
platform	[0, 1.0, 0]
wrong	[0.7142857142857143, 0.2857142857142857, 0]
repli	[0.1, 0.4, 0.5]
huffman	[0, 1.0, 0]
sydnei	[0, 1.0, 0]
kakwa	[0, 1.0, 0]
adulteri	[1.0, 0, 0]
snare	[0, 0, 1.0]
backward	[1.0, 0, 0]
portion	[0.6666666666666666, 0.3333333333333333, 0]
ballard	[0, 0, 1.0]
mynam	[0, 1.0, 0]
starlin	[0, 0, 1.0]
ericsson	[0, 1.0, 0]
pleasur	[0, 0, 1.0]
sinc	[0.35294117647058826, 0.47058823529411764, 0.17647058823529413]
mousepad	[0, 0, 1.0]
beast	[0, 0, 1.0]
kachhi	[0, 0, 1.0]
ontario	[0, 1.0, 0]
skull	[0, 0, 1.0]
truetyp	[0, 0, 1.0]
disser	[0, 1.0, 0]
wouldn	[0.8, 0, 0.2]
topper	[0, 0, 1.0]
irrelev	[1.0, 0, 0]
raondom	[1.0, 0, 0]
band	[0, 0.3333333333333333, 0.6666666666666666]
wiper	[0, 0, 1.0]
decstat	[0, 1.0, 0]
contemporari	[0.5, 0.5, 0]
debat	[1.0, 0, 0]
ucherdienst	[1.0, 0, 0]
srf	[0, 0, 1.0]
tamu	[0, 1.0, 0]
bobcat	[0, 0, 1.0]
emit	[0, 1.0, 0]
voic	[0, 0.5, 0.5]
broad	[1.0, 0, 0]
hell	[0, 1.0, 0]
crop	[0.5, 0.5, 0]
isc	[1.0, 0, 0]
pair	[0, 0.6666666666666666, 0.3333333333333333]
reflect	[1.0, 0, 0]
local	[0.3333333333333333, 0.3333333333333333, 0.3333333333333333]
reverb	[0, 0, 1.0]
fudg	[1.0, 0, 0]
metaphys	[1.0, 0, 0]
gradual	[0.5, 0.5, 0]
lobo	[0, 0, 1.0]
zealand	[0, 1.0, 0]
bct	[0, 0, 1.0]
coher	[1.0, 0, 0]
innoc	[1.0, 0, 0]
advoc	[1.0, 0, 0]
pot	[1.0, 0, 0]
cbnewsl	[1.0, 0, 0]
stalin	[1.0, 0, 0]
submarin	[0, 0, 1.0]
bodi	[0, 0.5, 0.5]
journal	[0.5, 0, 0.5]
isbn	[0.5, 0.5, 0]
sank	[1.0, 0, 0]
interpol	[0, 1.0, 0]
viewer	[0, 1.0, 0]
purchas	[0, 0.25, 0.75]
supposedli	[0.2, 0.8, 0]
appeal	[1.0, 0, 0]
valiant	[0, 0, 1.0]
wether	[1.0, 0, 0]
thi	[0.3384615384615385, 0.4153846153846154, 0.24615384615384617]
vjpeg	[0, 1.0, 0]
funni	[0.6666666666666666, 0, 0.3333333333333333]
incompat	[0.5, 0.5, 0]
hour	[1.0, 0, 0]
centuri	[1.0, 0, 0]
sensibl	[1.0, 0, 0]
perfectli	[0.75, 0.25, 0]
god	[0.75, 0.25, 0]
terror	[1.0, 0, 0]
dorm	[0, 0, 1.0]
disc	[0, 0, 1.0]
promiscu	[1.0, 0, 0]
aldu	[0, 1.0, 0]
doesn	[0.42105263157894735, 0.3684210526315789, 0.21052631578947367]
instal	[0, 0.5, 0.5]
heydt	[0, 0, 1.0]
refreshingli	[1.0, 0, 0]
ad	[0.3333333333333333, 0.3333333333333333, 0.3333333333333333]
brake	[0, 0, 1.0]
hahm	[0, 1.0, 0]
text	[0.4, 0.6, 0]
principl	[1.0, 0, 0]
steven	[0, 0.5, 0.5]
lawrenc	[0, 1.0, 0]
imageview	[0, 1.0, 0]
soll	[0, 1.0, 0]
becasu	[0, 1.0, 0]
rememb	[1.0, 0, 0]
usenet	[0, 0.3333333333333333, 0.6666666666666666]
radios	[0, 1.0, 0]
cloudless	[0, 1.0, 0]
theologi	[1.0, 0, 0]
flaw	[1.0, 0, 0]
tsr	[0, 1.0, 0]
administ	[1.0, 0, 0]
punsih	[1.0, 0, 0]
amplifi	[0, 0, 1.0]
michelin	[0, 0, 1.0]
darkbawk	[0, 0, 1.0]
fullview	[0, 1.0, 0]
insist	[0, 1.0, 0]
carpet	[0, 0, 1.0]
buffalo	[1.0, 0, 0]
likelihood	[1.0, 0, 0]
consid	[0.8333333333333334, 0, 0.16666666666666666]
entiti	[0.3333333333333333, 0.6666666666666666, 0]
sceptic	[1.0, 0, 0]
arriv	[0.5, 0, 0.5]
morphologi	[0, 1.0, 0]
deck	[0, 0, 1.0]
unresolv	[1.0, 0, 0]
procalc	[0, 0, 1.0]
aboyko	[0, 0, 1.0]
peg	[0, 0.5, 0.5]
compushow	[0, 1.0, 0]
circl	[0, 1.0, 0]
night	[0, 0, 1.0]
hall	[0.75, 0, 0.25]
adjac	[0, 1.0, 0]
mental	[1.0, 0, 0]
winchest	[0, 0, 1.0]
hab	[0, 1.0, 0]
phenomenon	[1.0, 0, 0]
root	[0, 1.0, 0]
york	[1.0, 0, 0]
electr	[0.3333333333333333, 0.3333333333333333, 0.3333333333333333]
dogmat	[1.0, 0, 0]
canon	[1.0, 0, 0]
sanction	[1.0, 0, 0]
crave	[0, 0, 1.0]
nifti	[0, 0.5, 0.5]
gee	[1.0, 0, 0]
opposit	[1.0, 0, 0]
war	[0.2, 0.6, 0.2]
plenti	[0.5, 0.5, 0]
complex	[0.5, 0.5, 0]
qemm	[0, 1.0, 0]
tuff	[0, 0, 1.0]
windshield	[0, 0, 1.0]
sampler	[0, 0, 1.0]
buckwheat	[0, 0, 1.0]
ami	[0, 0, 1.0]
schizophren	[1.0, 0, 0]
weasal	[0, 0, 1.0]
encod	[0, 1.0, 0]
shaken	[0, 0, 1.0]
clue	[0, 0, 1.0]
earther	[1.0, 0, 0]
macpaint	[0, 1.0, 0]
gameplai	[0, 0, 1.0]
legisl	[1.0, 0, 0]
televis	[1.0, 0, 0]
reluctantli	[0, 0, 1.0]
jdoll	[0, 0, 1.0]
object	[0.6363636363636364, 0.18181818181818182, 0.18181818181818182]
thrill	[0, 0, 1.0]
quiet	[0, 0, 1.0]
fone	[0, 1.0, 0]
cxo	[0, 0, 1.0]
sampl	[0, 0.5, 0.5]
taoism	[1.0, 0, 0]
claim	[0.6153846153846154, 0.23076923076923078, 0.15384615384615385]
blkbox	[0, 1.0, 0]
nintendo	[0, 0, 1.0]
umf	[0, 0, 1.0]
solut	[0.14285714285714285, 0.7142857142857143, 0.14285714285714285]
hd	[0, 0, 1.0]
arm	[0, 0.6666666666666666, 0.3333333333333333]
plantinga	[1.0, 0, 0]
laundri	[0, 0, 1.0]
solar	[0, 0, 1.0]
mcmain	[0, 1.0, 0]
serial	[0.3333333333333333, 0, 0.6666666666666666]
teigrod	[0, 1.0, 0]
smail	[0, 0, 1.0]
common	[0.2, 0.8, 0]
obv	[0, 1.0, 0]
time	[0.35, 0.45, 0.2]
templ	[1.0, 0, 0]
qed	[0, 1.0, 0]
regulari	[0, 0, 1.0]
invalid	[1.0, 0, 0]
offer	[0, 0.05555555555555555, 0.9444444444444444]
complain	[0, 1.0, 0]
illicit	[1.0, 0, 0]
preserv	[1.0, 0, 0]
chair	[0.3333333333333333, 0.3333333333333333, 0.3333333333333333]
mail	[0.07407407407407407, 0.2962962962962963, 0.6296296296296297]
sunspot	[0, 0, 1.0]
lawmak	[1.0, 0, 0]
women	[1.0, 0, 0]
stai	[0.5, 0.125, 0.375]
heis	[0, 0, 1.0]
cunixc	[0, 0, 1.0]
pgm	[0, 1.0, 0]
condom	[1.0, 0, 0]
wast	[0.5, 0.5, 0]
tun	[0, 1.0, 0]
csd	[0, 1.0, 0]
seger	[0, 0, 1.0]
variant	[0, 1.0, 0]
drink	[1.0, 0, 0]
execut	[1.0, 0, 0]
sex	[1.0, 0, 0]
gauntlet	[0, 0, 1.0]
compassion	[1.0, 0, 0]
rescu	[0, 0, 1.0]
american	[1.0, 0, 0]
pixel	[0, 1.0, 0]
sega	[0, 0, 1.0]
scarlet	[0, 0, 1.0]
xloadimag	[0, 1.0, 0]
theistic	[1.0, 0, 0]
discov	[1.0, 0, 0]
golden	[1.0, 0, 0]
stamp	[0, 0, 1.0]
liberti	[0.6666666666666666, 0, 0.3333333333333333]
ent	[0, 0, 1.0]
gernal	[0, 0, 1.0]
meticul	[0, 0, 1.0]
noaa	[0, 0, 1.0]
vocal	[1.0, 0, 0]
african	[1.0, 0, 0]
jhwitten	[0, 1.0, 0]
primarili	[1.0, 0, 0]
breath	[0, 1.0, 0]
karlsruh	[0, 1.0, 0]
compar	[0.5, 0.25, 0.25]
told	[1.0, 0, 0]
panther	[0, 0, 1.0]
fly	[0.3333333333333333, 0.6666666666666666, 0]
engin	[0, 0.16666666666666666, 0.8333333333333334]
blank	[0.5, 0, 0.5]
dhhalden	[0, 1.0, 0]
conic	[0, 1.0, 0]
cam	[0, 1.0, 0]
rosa	[1.0, 0, 0]
bartokoma	[0, 1.0, 0]
zeo	[0, 0, 1.0]
craig	[0, 0.6666666666666666, 0.3333333333333333]
borrow	[0.5, 0.5, 0]
road	[0.75, 0, 0.25]
signific	[1.0, 0, 0]
scien	[0, 0, 1.0]
gum	[0, 1.0, 0]
bathroom	[0.6666666666666666, 0, 0.3333333333333333]
strong	[0.8, 0.2, 0]
entri	[0, 1.0, 0]
objection	[0, 1.0, 0]
averag	[0, 1.0, 0]
halat	[1.0, 0, 0]
laurel	[1.0, 0, 0]
absolut	[0.4, 0, 0.6]
corp	[0, 0, 1.0]
deal	[0.3333333333333333, 0.3333333333333333, 0.3333333333333333]
sacr	[1.0, 0, 0]
flash	[0, 0, 1.0]
graphic	[0, 0.8666666666666667, 0.13333333333333333]
tiff	[0, 1.0, 0]
cathol	[1.0, 0, 0]
omnisci	[1.0, 0, 0]
unamerican	[1.0, 0, 0]
kmr	[1.0, 0, 0]
happen	[0.5714285714285714, 0.42857142857142855, 0]
plai	[0.4, 0.3, 0.3]
grab	[0, 1.0, 0]
froumentin	[0, 1.0, 0]
fierro	[0, 0, 1.0]
hitachi	[0, 1.0, 0]
atroc	[1.0, 0, 0]
algebra	[0, 0.5, 0.5]
file	[0.1111111111111111, 0.8148148148148148, 0.07407407407407407]
kung	[1.0, 0, 0]
auto	[0, 0, 1.0]
distant	[0, 1.0, 0]
robe	[1.0, 0, 0]
plant	[0.3333333333333333, 0, 0.6666666666666666]
csiro	[0, 1.0, 0]
aid	[1.0, 0, 0]
obedi	[1.0, 0, 0]
kierkegaard	[1.0, 0, 0]
argu	[0.875, 0.125, 0]
option	[0.3333333333333333, 0.3333333333333333, 0.3333333333333333]
keown	[0, 0, 1.0]
sixteen	[0, 1.0, 0]
onc	[0.25, 0.75, 0]
imposs	[0.75, 0.25, 0]
recoveri	[0, 0, 1.0]
task	[0, 1.0, 0]
doll	[0, 0, 1.0]
huisman	[0, 1.0, 0]
risk	[1.0, 0, 0]
synopsi	[1.0, 0, 0]
vcpi	[0, 1.0, 0]
surround	[0, 1.0, 0]
fill	[0.3333333333333333, 0.3333333333333333, 0.3333333333333333]
imprecis	[0, 1.0, 0]
doubtless	[1.0, 0, 0]
eactli	[1.0, 0, 0]
microsoft	[0, 0.25, 0.75]
friend	[0.3333333333333333, 0.3333333333333333, 0.3333333333333333]
nowadai	[1.0, 0, 0]
chen	[0, 0, 1.0]
min	[0, 1.0, 0]
mhz	[0, 1.0, 0]
suvm	[1.0, 0, 0]
harder	[0.6666666666666666, 0.3333333333333333, 0]
albnyvm	[0, 0, 1.0]
intox	[1.0, 0, 0]
eyeofthebehold	[0, 0, 1.0]
electron	[0.2857142857142857, 0.42857142857142855, 0.2857142857142857]
soc	[1.0, 0, 0]
tokyo	[0, 1.0, 0]
tricki	[0, 1.0, 0]
cycl	[0, 1.0, 0]
goodyear	[0, 0, 1.0]
hand	[0.5833333333333334, 0.16666666666666666, 0.25]
access	[0, 0.8, 0.2]
scout	[1.0, 0, 0]
striaght	[0, 1.0, 0]
cruel	[0, 0, 1.0]
newton	[1.0, 0, 0]
qaplu	[0, 0, 1.0]
foresight	[0, 1.0, 0]
educ	[0, 1.0, 0]
condit	[0, 0, 1.0]
enterpris	[0, 0, 1.0]
transfer	[0, 1.0, 0]
pointer	[0, 1.0, 0]
sam	[0, 0, 1.0]
unib	[0, 1.0, 0]
finish	[0.3333333333333333, 0.6666666666666666, 0]
lock	[0.5, 0.5, 0]
conclus	[0.5, 0.5, 0]
contend	[0, 1.0, 0]
result	[0.4, 0.5, 0.1]
teach	[0.5, 0, 0.5]
prejud	[1.0, 0, 0]
bug	[0, 1.0, 0]
hidden	[0.25, 0.5, 0.25]
noteworthi	[1.0, 0, 0]
geari	[0, 0, 1.0]
charlei	[1.0, 0, 0]
tax	[0, 0.5, 0.5]
ship	[0, 0.05555555555555555, 0.9444444444444444]
deathlok	[0, 0, 1.0]
nonsens	[1.0, 0, 0]
deed	[1.0, 0, 0]
bought	[0, 0.2, 0.8]
shape	[0, 0.2, 0.8]
imped	[0, 0, 1.0]
owl	[0, 0, 1.0]
uc	[0, 1.0, 0]
voluntari	[1.0, 0, 0]
spworlei	[0, 1.0, 0]
stanford	[0, 0.3333333333333333, 0.6666666666666666]
halcyon	[0, 1.0, 0]
comp	[0, 1.0, 0]
revis	[0.5, 0.5, 0]
keith	[0.9285714285714286, 0, 0.07142857142857142]
outweigh	[1.0, 0, 0]
sarcasm	[1.0, 0, 0]
live	[0.8333333333333334, 0.16666666666666666, 0]
neat	[0, 0, 1.0]
chart	[0, 0, 1.0]
polit	[1.0, 0, 0]
paul	[1.0, 0, 0]
handi	[0, 0.5, 0.5]
notic	[0.25, 0.75, 0]
comprehens	[0.5, 0, 0.5]
mode	[0, 0.5, 0.5]
xxx	[0, 0, 1.0]
aap	[1.0, 0, 0]
channel	[0, 0, 1.0]
justif	[1.0, 0, 0]
transfus	[1.0, 0, 0]
matthew	[0.5, 0, 0.5]
playabl	[0, 0, 1.0]
tom	[0, 0.5, 0.5]
roger	[0, 1.0, 0]
span	[1.0, 0, 0]
mollusk	[1.0, 0, 0]
pointless	[1.0, 0, 0]
unix	[0.1111111111111111, 0.6666666666666666, 0.2222222222222222]
exchang	[0, 1.0, 0]
winner	[0, 1.0, 0]
amigado	[0, 1.0, 0]
skeptic	[0, 1.0, 0]
couldn	[0.6666666666666666, 0, 0.3333333333333333]
black	[0.5, 0.25, 0.25]
rear	[0, 0, 1.0]
spell	[0, 0, 1.0]
israelit	[1.0, 0, 0]
candid	[0, 1.0, 0]
britain	[1.0, 0, 0]
imagin	[0.6666666666666666, 0, 0.3333333333333333]
pha	[0, 0, 1.0]
strang	[0.5, 0, 0.5]
chicago	[0, 0.5, 0.5]
english	[0, 1.0, 0]
cjpeg	[0, 1.0, 0]
meaning	[1.0, 0, 0]
lie	[0.5, 0.5, 0]
philip	[0.5, 0.5, 0]
cohen	[1.0, 0, 0]
vancouv	[0, 1.0, 0]
probabl	[0.5, 0, 0.5]
prai	[1.0, 0, 0]
mete	[0, 1.0, 0]
simpl	[0.5, 0.5, 0]
row	[0.5, 0.5, 0]
absurd	[1.0, 0, 0]
demo	[0, 1.0, 0]
doubl	[0.2, 0.6, 0.2]
element	[0, 0, 1.0]
feder	[0, 1.0, 0]
postag	[0, 0, 1.0]
suffer	[0, 1.0, 0]
bravo	[1.0, 0, 0]
rosen	[0, 0, 1.0]
manipul	[0, 1.0, 0]
provis	[0, 1.0, 0]
memori	[0, 0.4444444444444444, 0.5555555555555556]
tgl	[0, 1.0, 0]
soul	[0.75, 0.25, 0]
curiou	[0, 1.0, 0]
gill	[0, 1.0, 0]
tamvm	[0, 1.0, 0]
integr	[1.0, 0, 0]
gnostic	[1.0, 0, 0]
excus	[0.5, 0.5, 0]
remov	[0.5, 0.5, 0]
flibbl	[1.0, 0, 0]
accommod	[0, 1.0, 0]
top	[0, 0.25, 0.75]
ala	[0, 1.0, 0]
faq	[0.2857142857142857, 0.7142857142857143, 0]
heavili	[0, 1.0, 0]
manner	[0.5, 0.5, 0]
atlanta	[0, 1.0, 0]
grammatik	[0, 0, 1.0]
linux	[0, 1.0, 0]
ago	[0.5, 0, 0.5]
megabyt	[0, 0, 1.0]
human	[0.5, 0.2857142857142857, 0.21428571428571427]
ben	[0, 1.0, 0]
ballantin	[1.0, 0, 0]
wilc	[0, 0, 1.0]
rec	[1.0, 0, 0]
chang	[0.5, 0.5, 0]
konfessionslosen	[1.0, 0, 0]
pet	[1.0, 0, 0]
gonzalz	[0, 0, 1.0]
freethought	[1.0, 0, 0]
denis	[0, 0, 1.0]
displai	[0.16666666666666666, 0.8333333333333334, 0]
midpoint	[0, 1.0, 0]
reg	[0, 0, 1.0]
pig	[0, 0, 1.0]
warlock	[0, 0, 1.0]
bu	[0, 0.6666666666666666, 0.3333333333333333]
iam	[0, 1.0, 0]
hate	[1.0, 0, 0]
atom	[0.3333333333333333, 0.3333333333333333, 0.3333333333333333]
stori	[0.4, 0, 0.6]
minim	[0, 1.0, 0]
jeffrei	[1.0, 0, 0]
remanufactur	[0, 0, 1.0]
galact	[1.0, 0, 0]
umich	[0, 0.6666666666666666, 0.3333333333333333]
tuesdai	[0, 0, 1.0]
addict	[0, 0, 1.0]
decompress	[0, 1.0, 0]
alex	[0, 0, 1.0]
unmodifi	[0, 1.0, 0]
idea	[0.4, 0.5, 0.1]
menu	[0, 0.75, 0.25]
varieti	[0.5, 0.5, 0]
wsmr	[0, 1.0, 0]
materialien	[1.0, 0, 0]
figmo	[1.0, 0, 0]
data	[0.125, 0.625, 0.25]
music	[0.3333333333333333, 0.3333333333333333, 0.3333333333333333]
peer	[0.5, 0.5, 0]
ayoun	[0, 1.0, 0]
submit	[0, 1.0, 0]
muslim	[1.0, 0, 0]
arc	[0, 1.0, 0]
magma	[0, 0, 1.0]
fault	[1.0, 0, 0]
knowledg	[0.5, 0.5, 0]
glad	[0, 1.0, 0]
tetri	[0, 0, 1.0]
zeit	[0.5, 0.5, 0]
radio	[0.3333333333333333, 0, 0.6666666666666666]
ohio	[0, 0, 1.0]
walkman	[0, 0, 1.0]
muchado	[0, 1.0, 0]
amdahl	[0, 0, 1.0]
dilemma	[0, 0, 1.0]
potenti	[0.3333333333333333, 0.3333333333333333, 0.3333333333333333]
supernatur	[1.0, 0, 0]
offic	[0, 0, 1.0]
aamaz	[0, 0, 1.0]
degre	[0.5, 0.5, 0]
trw	[1.0, 0, 0]
hopefulli	[0, 1.0, 0]
equal	[1.0, 0, 0]
cosin	[0, 1.0, 0]
punctuat	[0, 0, 1.0]
author	[0.42857142857142855, 0.42857142857142855, 0.14285714285714285]
ccicpg	[0, 0, 1.0]
amro	[0, 1.0, 0]
berlin	[1.0, 0, 0]
busi	[0.3333333333333333, 0, 0.6666666666666666]
publish	[0.3333333333333333, 0.3333333333333333, 0.3333333333333333]
joy	[1.0, 0, 0]
amherst	[1.0, 0, 0]
dear	[0, 0, 1.0]
moder	[0.3333333333333333, 0.3333333333333333, 0.3333333333333333]
chromium	[0, 0, 1.0]
hdb	[0, 0, 1.0]
stir	[0, 0, 1.0]
watch	[0.6, 0.2, 0.2]
mysteri	[0.3333333333333333, 0.3333333333333333, 0.3333333333333333]
buyer	[0, 0, 1.0]
inher	[1.0, 0, 0]
petti	[1.0, 0, 0]
strike	[0, 0, 1.0]
arff	[0, 1.0, 0]
judg	[1.0, 0, 0]
bmp	[0, 1.0, 0]
webster	[0, 0, 1.0]
dahmer	[1.0, 0, 0]
insur	[0, 0, 1.0]
gotta	[0, 0, 1.0]
killer	[1.0, 0, 0]
sipp	[0, 0, 1.0]
damn	[1.0, 0, 0]
recal	[0, 0, 1.0]
hatr	[1.0, 0, 0]
zaphod	[0, 0, 1.0]
worth	[0.4, 0.4, 0.2]
chenmin	[0, 0, 1.0]
packag	[0, 0.5, 0.5]
simpson	[0, 0, 1.0]
woman	[0.25, 0.25, 0.5]
cymbal	[0, 0, 1.0]
serendip	[0, 0, 1.0]
picci	[0, 1.0, 0]
gritti	[0, 0, 1.0]
spent	[1.0, 0, 0]
hog	[0, 1.0, 0]
masterson	[0, 0, 1.0]
alch	[0, 1.0, 0]
marbl	[0, 0, 1.0]
nanci	[1.0, 0, 0]
stephan	[0, 1.0, 0]
price	[0.047619047619047616, 0.09523809523809523, 0.8571428571428571]
eric	[0, 0.5, 0.5]
img	[0, 1.0, 0]
betrabet	[0, 0, 1.0]
divers	[1.0, 0, 0]
postpaid	[1.0, 0, 0]
palett	[0, 1.0, 0]
met	[1.0, 0, 0]
kingpin	[0, 0, 1.0]
synthes	[0, 0, 1.0]
righteou	[1.0, 0, 0]
descart	[1.0, 0, 0]
soft	[0, 0, 1.0]
disprov	[1.0, 0, 0]
attack	[1.0, 0, 0]
dpi	[0, 0, 1.0]
properli	[0.3333333333333333, 0.6666666666666666, 0]
habit	[0, 1.0, 0]
yeah	[0, 1.0, 0]
vertex	[0, 1.0, 0]
inflict	[1.0, 0, 0]
wool	[0, 1.0, 0]
trap	[0.5, 0, 0.5]
harwel	[0, 1.0, 0]
compani	[0, 0.8, 0.2]
redat	[1.0, 0, 0]
observ	[0.6666666666666666, 0.3333333333333333, 0]
dept	[0, 1.0, 0]
rend	[0, 1.0, 0]
media	[0, 0.5, 0.5]
mould	[1.0, 0, 0]
betamax	[0, 0, 1.0]
extend	[0.3333333333333333, 0.6666666666666666, 0]
vector	[0, 1.0, 0]
acpdgohawa	[0, 0, 1.0]
ftpmail	[0, 1.0, 0]
brass	[0, 0.5, 0.5]
interfac	[0, 1.0, 0]
fear	[0, 0, 1.0]
sign	[0.25, 0, 0.75]
formalist	[1.0, 0, 0]
benjamin	[0, 0, 1.0]
demon	[0, 0, 1.0]
brune	[0, 0, 1.0]
overwhelm	[1.0, 0, 0]
cat	[0, 0, 1.0]
feast	[0, 0, 1.0]
spreadsheet	[0, 0, 1.0]
importantli	[1.0, 0, 0]
compass	[1.0, 0, 0]
argument	[0.875, 0.125, 0]
classic	[1.0, 0, 0]
depend	[0.5714285714285714, 0.2857142857142857, 0.14285714285714285]
drop	[0, 0.6666666666666666, 0.3333333333333333]
deliber	[0, 1.0, 0]
versu	[0, 0, 1.0]
recip	[0, 1.0, 0]
web	[0, 0, 1.0]
rod	[0, 0, 1.0]
roper	[1.0, 0, 0]
indi	[0, 0, 1.0]
vertrieb	[1.0, 0, 0]
maul	[1.0, 0, 0]
ann	[0.3333333333333333, 0.3333333333333333, 0.3333333333333333]
cirru	[0, 1.0, 0]
fossi	[0, 1.0, 0]
xenophobia	[1.0, 0, 0]
crime	[1.0, 0, 0]
pure	[0.3333333333333333, 0.3333333333333333, 0.3333333333333333]
pronounc	[0, 1.0, 0]
predisposit	[1.0, 0, 0]
raffl	[0, 0, 1.0]
changefsi	[0, 1.0, 0]
trent	[0, 1.0, 0]
ton	[0, 0, 1.0]
convert	[0.2, 0.6, 0.2]
fair	[0.5, 0.3333333333333333, 0.16666666666666666]
kant	[1.0, 0, 0]
johnsd	[1.0, 0, 0]
seld	[1.0, 0, 0]
excess	[0.2, 0, 0.8]
bass	[0, 0, 1.0]
upshot	[0, 1.0, 0]
server	[0.2, 0.8, 0]
default	[0.6666666666666666, 0.3333333333333333, 0]
monei	[0.25, 0.25, 0.5]
weight	[1.0, 0, 0]
visualis	[0, 1.0, 0]
bio	[0, 0, 1.0]
tabl	[0, 0.25, 0.75]
texiera	[0, 0, 1.0]
promis	[0, 0.5, 0.5]
sword	[0, 0, 1.0]
bid	[0, 0, 1.0]
trilogi	[1.0, 0, 0]
eshneken	[0, 0, 1.0]
baromet	[0, 0, 1.0]
keystrok	[0, 1.0, 0]
repres	[0.4, 0.6, 0]
visit	[0.5, 0.5, 0]
sep	[0, 1.0, 0]
sold	[0, 0, 1.0]
hodgson	[0, 1.0, 0]
indestruct	[0, 0, 1.0]
job	[0, 1.0, 0]
bauer	[0, 0, 1.0]
thunder	[0, 0, 1.0]
symmetri	[0, 0, 1.0]
tigran	[0, 1.0, 0]
ethernettransceiv	[0, 0, 1.0]
fighter	[0, 0, 1.0]
philadelphia	[0.2, 0, 0.8]
compressor	[0, 1.0, 0]
rzz	[1.0, 0, 0]
distanc	[0, 1.0, 0]
multius	[0, 0, 1.0]
deathstrok	[0, 0, 1.0]
prepay	[0, 0, 1.0]
utrecht	[0, 1.0, 0]
depart	[0, 0.5, 0.5]
faster	[0, 0.6666666666666666, 0.3333333333333333]
pervert	[1.0, 0, 0]
brain	[0.5, 0.5, 0]
bai	[1.0, 0, 0]
pw	[0, 0, 1.0]
sleep	[0, 0, 1.0]
resid	[0, 1.0, 0]
shawne	[0, 0, 1.0]
santa	[1.0, 0, 0]
adventur	[0, 0, 1.0]
insincer	[1.0, 0, 0]
metheu	[0, 1.0, 0]
obelix	[0, 1.0, 0]
shot	[0, 1.0, 0]
role	[1.0, 0, 0]
basebal	[0, 0, 1.0]
sandvik	[1.0, 0, 0]
truevis	[0, 1.0, 0]
subroutin	[0, 1.0, 0]
deriv	[1.0, 0, 0]
edt	[0, 0, 1.0]
beta	[0, 1.0, 0]
bnr	[0.5, 0, 0.5]
balanc	[0, 0.25, 0.75]
sabretooth	[0, 0, 1.0]
stack	[0, 1.0, 0]
hostil	[1.0, 0, 0]
physic	[0.5, 0.25, 0.25]
canada	[0, 0.6666666666666666, 0.3333333333333333]
andi	[0, 0.5, 0.5]
mission	[0, 1.0, 0]
drive	[0.26666666666666666, 0.26666666666666666, 0.4666666666666667]
block	[0, 0.3333333333333333, 0.6666666666666666]
submiss	[0, 1.0, 0]
disclaim	[0.5, 0, 0.5]
gnuplot	[0, 1.0, 0]
boot	[0, 1.0, 0]
type	[0.2857142857142857, 0.5714285714285714, 0.14285714285714285]
ocean	[1.0, 0, 0]
dot	[0, 0.5, 0.5]
behavior	[0.6666666666666666, 0.3333333333333333, 0]
paperback	[0.3333333333333333, 0, 0.6666666666666666]
proterm	[0, 0, 1.0]
ac	[0, 0.5, 0.5]
carolina	[0, 0, 1.0]
reader	[0, 1.0, 0]
excel	[0.09090909090909091, 0.09090909090909091, 0.8181818181818182]
cellar	[0, 0, 1.0]
secular	[1.0, 0, 0]
blazer	[0, 0, 1.0]
squeez	[0, 1.0, 0]
downtown	[0, 0, 1.0]
ration	[1.0, 0, 0]
horrifi	[0, 0, 1.0]
setup	[0, 1.0, 0]
stem	[0, 0, 1.0]
imagefx	[0, 1.0, 0]
phrase	[0.5, 0, 0.5]
defend	[0.3333333333333333, 0, 0.6666666666666666]
newsgroup	[0.4, 0.2, 0.4]
shibboleth	[0, 0, 1.0]
lowest	[0, 1.0, 0]
asdg	[0, 1.0, 0]
elementari	[0, 0, 1.0]
nolong	[0, 0, 1.0]
superman	[0, 0, 1.0]
blaze	[1.0, 0, 0]
otg	[0, 1.0, 0]
mp	[0, 0, 1.0]
clarif	[0, 1.0, 0]
rock	[0, 0, 1.0]
firstli	[1.0, 0, 0]
hobgoblin	[0, 0, 1.0]
rit	[1.0, 0, 0]
mit	[0, 1.0, 0]
market	[0, 0.25, 0.75]
colinear	[0, 1.0, 0]
tech	[0, 0, 1.0]
express	[0.2, 0.2, 0.6]
inject	[0.5, 0, 0.5]
hampshir	[1.0, 0, 0]
label	[1.0, 0, 0]
progress	[1.0, 0, 0]
confessor	[0, 1.0, 0]
olympian	[0, 0, 1.0]
avinash	[0, 0, 1.0]
freepost	[0, 1.0, 0]
uicvm	[0, 0, 1.0]
manufactur	[0, 1.0, 0]
draft	[0, 0, 1.0]
sourc	[0.14285714285714285, 0.7142857142857143, 0.14285714285714285]
hors	[0, 0, 1.0]
cartridg	[0, 0, 1.0]
armstrong	[0, 0, 1.0]
attribut	[1.0, 0, 0]
joke	[0, 0, 1.0]
border	[0, 1.0, 0]
cabl	[0, 0, 1.0]
evanston	[0, 0, 1.0]
tape	[0, 0, 1.0]
appoint	[0, 0, 1.0]
academi	[0, 1.0, 0]
silver	[0, 0, 1.0]
anywher	[0.5, 0, 0.5]
crap	[1.0, 0, 0]
quarterli	[0.5, 0, 0.5]
solid	[0, 0, 1.0]
gem	[0.3333333333333333, 0.6666666666666666, 0]
entertain	[0, 0, 1.0]
goal	[1.0, 0, 0]
holden	[0, 0, 1.0]
techreport	[0, 1.0, 0]
expect	[0.3333333333333333, 0.5, 0.16666666666666666]
formula	[0, 1.0, 0]
lighter	[0, 1.0, 0]
reluct	[1.0, 0, 0]
bell	[0, 0, 1.0]
lossless	[0, 1.0, 0]
mcnichola	[0, 0, 1.0]
driver	[0, 1.0, 0]
earliest	[0, 1.0, 0]
multimedia	[0, 0.8, 0.2]
sharp	[0, 1.0, 0]
zani	[0, 0, 1.0]
factor	[0.4, 0.2, 0.4]
preview	[0, 1.0, 0]
satisfi	[0, 1.0, 0]
info	[0.125, 0.75, 0.125]
rle	[0, 1.0, 0]
lab	[0, 0.3333333333333333, 0.6666666666666666]
baptist	[1.0, 0, 0]
francisco	[1.0, 0, 0]
resp	[0, 0, 1.0]
rice	[0.6666666666666666, 0, 0.3333333333333333]
mint	[0, 0, 1.0]
bright	[0, 1.0, 0]
bottom	[0.5, 0.5, 0]
saga	[0, 0, 1.0]
wizard	[0, 1.0, 0]
gate	[0, 1.0, 0]
oat	[0, 0, 1.0]
blame	[1.0, 0, 0]
committe	[0, 1.0, 0]
thread	[1.0, 0, 0]
amiga	[0, 0.6666666666666666, 0.3333333333333333]
fuss	[1.0, 0, 0]
portrait	[0, 0, 1.0]
imageri	[0, 1.0, 0]
capabl	[0, 1.0, 0]
cash	[0, 0, 1.0]
conjunct	[0, 1.0, 0]
agonizingli	[0, 1.0, 0]
camera	[0, 0.3333333333333333, 0.6666666666666666]
total	[0.6666666666666666, 0, 0.3333333333333333]
layout	[0, 1.0, 0]
craftsmen	[1.0, 0, 0]
thor	[0, 0, 1.0]
mcfarlan	[0, 0, 1.0]
femal	[0, 0, 1.0]
loot	[0, 0, 1.0]
huge	[0.4, 0.4, 0.2]
process	[0, 0.6666666666666666, 0.3333333333333333]
aveng	[0, 0, 1.0]
script	[0, 0, 1.0]
sunroof	[0, 0, 1.0]
merci	[0.5, 0.5, 0]
presenc	[1.0, 0, 0]
exhibit	[0, 0, 1.0]
armi	[0, 1.0, 0]
corps	[0, 0, 1.0]
lit	[0, 1.0, 0]
thursdai	[0, 0.5, 0.5]
ensched	[0, 1.0, 0]
ron	[0, 0, 1.0]
unhappi	[1.0, 0, 0]
fresh	[0, 0, 1.0]
painless	[0, 1.0, 0]
updat	[0, 0.25, 0.75]
atari	[0, 1.0, 0]
scroll	[0.5, 0.5, 0]
decod	[0, 1.0, 0]
hero	[0.5, 0, 0.5]
elm	[0, 0, 1.0]
mechan	[0, 0.5, 0.5]
inexpens	[0, 0, 1.0]
mango	[1.0, 0, 0]
hawk	[0, 0, 1.0]
ccr	[1.0, 0, 0]
vertic	[0, 1.0, 0]
believ	[1.0, 0, 0]
goldberg	[0, 0, 1.0]
cyclop	[0, 0, 1.0]
pai	[0, 0.42857142857142855, 0.5714285714285714]
august	[0, 1.0, 0]
unus	[0, 1.0, 0]
plotter	[0, 1.0, 0]
incap	[1.0, 0, 0]
zoo	[0, 1.0, 0]
eagl	[0.5, 0, 0.5]
noncommerci	[0, 1.0, 0]
remain	[1.0, 0, 0]
collin	[0, 1.0, 0]
birthdai	[1.0, 0, 0]
ripper	[0, 0, 1.0]
corpor	[0, 1.0, 0]
hamlab	[0, 1.0, 0]
tsao	[0, 0, 1.0]
visibl	[0, 1.0, 0]
leap	[1.0, 0, 0]
freq	[0, 0, 1.0]
boundari	[0, 1.0, 0]
involv	[0.5714285714285714, 0.42857142857142855, 0]
encourag	[0.5, 0.5, 0]
attitud	[1.0, 0, 0]
cec	[0, 1.0, 0]
goldsborough	[0, 0, 1.0]
carri	[1.0, 0, 0]
contour	[0, 1.0, 0]
central	[0, 0.5, 0.5]
clarifi	[0, 1.0, 0]
targa	[0, 1.0, 0]
jpg	[0, 1.0, 0]
rezaei	[0, 1.0, 0]
cope	[0, 1.0, 0]
reh	[0, 1.0, 0]
circumcent	[0, 1.0, 0]
frill	[0, 1.0, 0]
rose	[0, 0, 1.0]
outstand	[1.0, 0, 0]
fan	[0, 0.5, 0.5]
geni	[0, 0, 1.0]
richr	[0, 0, 1.0]
ing	[0, 1.0, 0]
suffici	[1.0, 0, 0]
imagemast	[0, 1.0, 0]
indic	[0, 0, 1.0]
buphi	[1.0, 0, 0]
orogin	[0, 0, 1.0]
anti	[1.0, 0, 0]
worthi	[0, 1.0, 0]
renew	[0, 1.0, 0]
exhaust	[1.0, 0, 0]
behav	[0.5, 0.5, 0]
mip	[0, 1.0, 0]
keyboard	[0, 0, 1.0]
unconscion	[1.0, 0, 0]
malici	[1.0, 0, 0]
medic	[0, 1.0, 0]
oid	[1.0, 0, 0]
march	[0, 1.0, 0]
dunkl	[1.0, 0, 0]
grammar	[0, 0, 1.0]
excalibur	[0, 0, 1.0]
miracl	[1.0, 0, 0]
slightli	[0.5, 0.5, 0]
theori	[0.75, 0.25, 0]
cutoff	[1.0, 0, 0]
manag	[0, 0.6666666666666666, 0.3333333333333333]
batch	[0, 1.0, 0]
intend	[0.5, 0.5, 0]
enemi	[1.0, 0, 0]
colorado	[0, 0, 1.0]
rusnew	[1.0, 0, 0]
jhu	[1.0, 0, 0]
heal	[1.0, 0, 0]
amount	[0.16666666666666666, 0.3333333333333333, 0.5]
cambridg	[0, 0.6666666666666666, 0.3333333333333333]
click	[0, 1.0, 0]
interior	[0, 0, 1.0]
person	[0.6875, 0.1875, 0.125]
british	[1.0, 0, 0]
eisa	[0, 1.0, 0]
dick	[1.0, 0, 0]
ear	[0, 0, 1.0]
difficult	[0.5, 0.25, 0.25]
infest	[0, 1.0, 0]
denomin	[0, 1.0, 0]
mainten	[0, 0, 1.0]
heed	[0, 1.0, 0]
mind	[0.5, 0.375, 0.125]
princip	[1.0, 0, 0]
lost	[0.5, 0.5, 0]
medicin	[1.0, 0, 0]
clipboard	[0, 1.0, 0]
preacher	[1.0, 0, 0]
week	[0, 0.5, 0.5]
fastest	[0, 0.6, 0.4]
genet	[1.0, 0, 0]
releas	[0.4, 0.6, 0]
realm	[1.0, 0, 0]
graph	[0, 1.0, 0]
serv	[1.0, 0, 0]
assumpt	[1.0, 0, 0]
ut	[0, 0.5, 0.5]
gopher	[0, 1.0, 0]
techniqu	[0, 1.0, 0]
check	[0, 1.0, 0]
newbi	[0, 1.0, 0]
alon	[0.3333333333333333, 0, 0.6666666666666666]
uni	[0, 1.0, 0]
optim	[0, 0.75, 0.25]
myth	[1.0, 0, 0]
wisconsin	[1.0, 0, 0]
beam	[1.0, 0, 0]
softwar	[0, 0.3888888888888889, 0.6111111111111112]
basic	[0.4166666666666667, 0.3333333333333333, 0.25]
condescend	[1.0, 0, 0]
yorktown	[1.0, 0, 0]
discrimin	[1.0, 0, 0]
proprietari	[0, 1.0, 0]
detail	[0.25, 0.75, 0]
dai	[0.3333333333333333, 0.16666666666666666, 0.5]
parametr	[0, 1.0, 0]
cheapli	[0, 1.0, 0]
nethack	[0, 0, 1.0]
solv	[0, 0.3333333333333333, 0.6666666666666666]
timer	[0, 0, 1.0]
coordin	[0, 1.0, 0]
escap	[0.5, 0, 0.5]
decemb	[0.3333333333333333, 0.6666666666666666, 0]
crown	[0, 0, 1.0]
pin	[1.0, 0, 0]
annoi	[0.3333333333333333, 0.3333333333333333, 0.3333333333333333]
seirio	[0, 1.0, 0]
expans	[0, 0, 1.0]
equat	[0.25, 0.75, 0]
opportun	[0, 1.0, 0]
annick	[0, 1.0, 0]
door	[0.6666666666666666, 0, 0.3333333333333333]
disregard	[0, 1.0, 0]
law	[0.6666666666666666, 0, 0.3333333333333333]
sympathi	[1.0, 0, 0]
attmail	[0, 0, 1.0]
gtl	[0, 0, 1.0]
sexual	[1.0, 0, 0]
newamyjpeg	[0, 1.0, 0]
sound	[0.5555555555555556, 0.2222222222222222, 0.2222222222222222]
compuserv	[0, 1.0, 0]
prepress	[0, 1.0, 0]
tar	[0, 1.0, 0]
compound	[0, 0, 1.0]
parent	[1.0, 0, 0]
dinner	[0, 1.0, 0]
mirror	[0, 1.0, 0]
sundai	[1.0, 0, 0]
commit	[1.0, 0, 0]
concert	[0, 0, 1.0]
delux	[1.0, 0, 0]
friendli	[0.5, 0, 0.5]
annual	[0, 0, 1.0]
environ	[0, 1.0, 0]
licens	[0, 1.0, 0]
koni	[0, 0, 1.0]
survei	[1.0, 0, 0]
defenc	[0.5, 0.5, 0]
auction	[0, 0, 1.0]
stahl	[0, 0, 1.0]
cuyler	[0, 1.0, 0]
cstsao	[0, 0, 1.0]
walk	[0, 0.75, 0.25]
coaxial	[0, 0, 1.0]
dynakit	[0, 0, 1.0]
suddenli	[1.0, 0, 0]
fiction	[1.0, 0, 0]
activ	[0.25, 0.5, 0.25]
worthless	[0, 0, 1.0]
rebut	[1.0, 0, 0]
dare	[0, 0, 1.0]
seanmac	[0, 1.0, 0]
choos	[0.6666666666666666, 0.3333333333333333, 0]
algorithm	[0, 1.0, 0]
hurri	[0, 0, 1.0]
newspap	[0.5, 0, 0.5]
minitel	[0, 1.0, 0]
yall	[0, 0, 1.0]
schalkoff	[0, 0, 1.0]
eyebal	[0, 1.0, 0]
ion	[0, 1.0, 0]
digress	[1.0, 0, 0]
clamp	[0, 0, 1.0]
ruu	[0, 1.0, 0]
poor	[0.5, 0.5, 0]
goblin	[0, 0, 1.0]
modern	[0, 0, 1.0]
delet	[0.8, 0, 0.2]
scheme	[0, 1.0, 0]
oliveiro	[0, 1.0, 0]
deni	[0.5, 0.5, 0]
autobahn	[0, 0, 1.0]
xref	[0, 0, 1.0]
ridicul	[0, 1.0, 0]
circumst	[1.0, 0, 0]
sdd	[0, 0, 1.0]
concern	[0.5, 0.5, 0]
jacksonvil	[0, 0, 1.0]
assassin	[1.0, 0, 0]
undo	[1.0, 0, 0]
expir	[0, 0, 1.0]
xserver	[0, 1.0, 0]
jpegview	[0, 1.0, 0]
garg	[0, 0, 1.0]
viewpoint	[1.0, 0, 0]
mason	[0, 0, 1.0]
surviv	[0.5, 0, 0.5]
hack	[0, 1.0, 0]
thesi	[1.0, 0, 0]
fun	[0.5, 0, 0.5]
dominick	[1.0, 0, 0]
tga	[0, 1.0, 0]
fate	[1.0, 0, 0]
copywrit	[0, 0, 1.0]
bisector	[0, 1.0, 0]
patienc	[1.0, 0, 0]
caligula	[0, 1.0, 0]
stastni	[0, 1.0, 0]
swedish	[0, 1.0, 0]
rafia	[1.0, 0, 0]
hillari	[0, 1.0, 0]
mad	[0.5, 0, 0.5]
request	[0.3333333333333333, 0.3333333333333333, 0.3333333333333333]
gener	[0.4166666666666667, 0.4166666666666667, 0.16666666666666666]
landmark	[0, 1.0, 0]
baud	[0, 0, 1.0]
easi	[0.3333333333333333, 0.5555555555555556, 0.1111111111111111]
naplp	[0, 1.0, 0]
brand	[0, 0, 1.0]
routin	[0, 1.0, 0]
storag	[0, 1.0, 0]
franc	[0.25, 0.5, 0.25]
deserv	[1.0, 0, 0]
perpendicular	[0, 1.0, 0]
unpaus	[0, 0, 1.0]
hrsg	[1.0, 0, 0]
rumour	[0, 1.0, 0]
msk	[0, 0, 1.0]
ten	[0.5, 0, 0.5]
midsent	[1.0, 0, 0]
pdt	[0, 0, 1.0]
kei	[0, 0.3333333333333333, 0.6666666666666666]
jone	[0, 0, 1.0]
handbook	[1.0, 0, 0]
warp	[0, 1.0, 0]
convict	[1.0, 0, 0]
infin	[0, 0, 1.0]
slope	[0, 0, 1.0]
favor	[0.5, 0.5, 0]
classifi	[0, 1.0, 0]
paramet	[0, 1.0, 0]
creat	[0.36363636363636365, 0.5454545454545454, 0.09090909090909091]
leagu	[0, 0, 1.0]
core	[0.5, 0.5, 0]
anoth	[0.5333333333333333, 0.4, 0.06666666666666667]
evolutionari	[0, 0, 1.0]
devis	[1.0, 0, 0]
transact	[0, 1.0, 0]
intoler	[1.0, 0, 0]
probabilist	[1.0, 0, 0]
legend	[0, 0, 1.0]
attent	[0.25, 0.25, 0.5]
kungfu	[0, 0, 1.0]
hollowai	[1.0, 0, 0]
improv	[0, 0.6, 0.4]
widespread	[0.6666666666666666, 0.3333333333333333, 0]
reus	[0, 1.0, 0]
conv	[0, 1.0, 0]
miz	[1.0, 0, 0]
bgi	[0, 1.0, 0]
planar	[0, 1.0, 0]
gifconvert	[0, 1.0, 0]
guarente	[0, 0, 1.0]
eventu	[0.5, 0.5, 0]
exact	[0.5, 0.5, 0]
proposit	[1.0, 0, 0]
tradeoff	[0, 1.0, 0]
samuel	[0, 0, 1.0]
scene	[0, 1.0, 0]
wait	[1.0, 0, 0]
informatiqu	[0, 1.0, 0]
demonstr	[1.0, 0, 0]
necessarili	[0.6666666666666666, 0.16666666666666666, 0.16666666666666666]
pcanywher	[0, 0, 1.0]
launch	[0, 0.5, 0.5]
superhuman	[1.0, 0, 0]
thu	[0, 0, 1.0]
approach	[0.6666666666666666, 0.3333333333333333, 0]
midweek	[0, 0, 1.0]
surfac	[0, 1.0, 0]
spiffier	[0, 1.0, 0]
motss	[1.0, 0, 0]
atwood	[1.0, 0, 0]
numer	[0, 0.8333333333333334, 0.16666666666666666]
kepler	[1.0, 0, 0]
edimg	[0, 1.0, 0]
kranz	[0, 0, 1.0]
suppos	[0.5, 0.16666666666666666, 0.3333333333333333]
variabl	[0, 1.0, 0]
indisput	[0, 1.0, 0]
colormap	[0, 1.0, 0]
explor	[0, 0, 1.0]
witt	[0, 0, 1.0]
kinknet	[0, 0, 1.0]
sing	[0, 0, 1.0]
straight	[0, 0.5, 0.5]
ideal	[1.0, 0, 0]
scratch	[0, 0, 1.0]
bmd	[1.0, 0, 0]
todai	[0.5, 0.5, 0]
assert	[1.0, 0, 0]
shoot	[0.6666666666666666, 0.3333333333333333, 0]
stretch	[1.0, 0, 0]
uncec	[0, 0, 1.0]
nice	[0.125, 0.75, 0.125]
tough	[0, 0, 1.0]
floppi	[0, 0.3333333333333333, 0.6666666666666666]
meter	[0, 0, 1.0]
marco	[0, 1.0, 0]
violat	[0.8333333333333334, 0, 0.16666666666666666]
cloth	[0, 1.0, 0]
hawaiian	[1.0, 0, 0]
event	[0.8, 0.2, 0]
dozen	[0.5, 0, 0.5]
spring	[0, 0, 1.0]
written	[0.25, 0.75, 0]
arkanoid	[0, 0, 1.0]
horror	[0.5, 0, 0.5]
alcohol	[0, 0, 1.0]
similarli	[0.5, 0.25, 0.25]
accumul	[0, 1.0, 0]
unrevcover	[0, 1.0, 0]
daughter	[0, 0, 1.0]
mother	[0, 0, 1.0]
crisi	[0, 0, 1.0]
load	[0, 0.3333333333333333, 0.6666666666666666]
stronger	[1.0, 0, 0]
abbrevi	[0, 0, 1.0]
afil	[0, 1.0, 0]
rel	[0, 1.0, 0]
malloi	[0, 1.0, 0]
visual	[0, 1.0, 0]
futur	[0.2, 0.6, 0.2]
superfici	[1.0, 0, 0]
respond	[0.5, 0.125, 0.375]
btw	[0, 0, 1.0]
neutral	[1.0, 0, 0]
slimi	[0, 1.0, 0]
ijg	[0, 1.0, 0]
cord	[0, 0, 1.0]
capit	[0.875, 0, 0.125]
hologram	[0, 0, 1.0]
andrea	[0, 1.0, 0]
epimntl	[0, 1.0, 0]
lesser	[0, 1.0, 0]
repair	[0, 0, 1.0]
rosenkranz	[0, 0, 1.0]
std	[0, 1.0, 0]
polici	[1.0, 0, 0]
kent	[0.5, 0, 0.5]
cerberu	[0, 0, 1.0]
maintain	[0.3333333333333333, 0.16666666666666666, 0.5]
sender	[0.5, 0.5, 0]
seper	[0, 0, 1.0]
vastli	[0, 1.0, 0]
robertson	[0, 1.0, 0]
unbelief	[1.0, 0, 0]
amigajpegv	[0, 1.0, 0]
comedi	[0, 0, 1.0]
arbitari	[1.0, 0, 0]
traffic	[1.0, 0, 0]
cook	[0, 0, 1.0]
webb	[0, 0, 1.0]
river	[1.0, 0, 0]
gott	[1.0, 0, 0]
berkom	[0, 1.0, 0]
spider	[0, 0, 1.0]
reconcil	[1.0, 0, 0]
conceiv	[1.0, 0, 0]
racist	[1.0, 0, 0]
compil	[0, 0.5, 0.5]
fritsch	[0, 0, 1.0]
toler	[0, 1.0, 0]
birth	[0.5, 0.5, 0]
golf	[0, 0, 1.0]
carnegi	[0, 1.0, 0]
journei	[0, 0, 1.0]
orig	[0, 0, 1.0]
buddhist	[1.0, 0, 0]
castl	[0, 0, 1.0]
hill	[0, 0, 1.0]
glop	[1.0, 0, 0]
handmad	[0, 1.0, 0]
ratt	[0, 0, 1.0]
jec	[1.0, 0, 0]
languag	[0.5, 0.5, 0]
closest	[0, 1.0, 0]
advertis	[0, 0, 1.0]
nearest	[0, 1.0, 0]
jackson	[0, 0, 1.0]
recurs	[1.0, 0, 0]
forevermor	[0, 1.0, 0]
scanner	[0, 1.0, 0]
byte	[0, 1.0, 0]
post	[0.19047619047619047, 0.5238095238095238, 0.2857142857142857]
pressur	[0.5, 0, 0.5]
extraordinarili	[0, 0, 1.0]
brad	[1.0, 0, 0]
burkhard	[0, 1.0, 0]
guic	[0, 0, 1.0]
emphas	[1.0, 0, 0]
prepar	[0.3333333333333333, 0.6666666666666666, 0]
chanc	[0.6666666666666666, 0.3333333333333333, 0]
beauti	[0.5, 0.5, 0]
comput	[0.05263157894736842, 0.5789473684210527, 0.3684210526315789]
word	[0.5384615384615384, 0.3076923076923077, 0.15384615384615385]
matrox	[0, 1.0, 0]
howdi	[0, 1.0, 0]
mapl	[0, 0, 1.0]
swap	[0, 1.0, 0]
sy	[0, 1.0, 0]
reach	[1.0, 0, 0]
freenet	[0, 0, 1.0]
sync	[0, 1.0, 0]
patent	[0, 1.0, 0]
erik	[0, 0, 1.0]
master	[0, 0, 1.0]
tim	[1.0, 0, 0]
paladin	[0, 0, 1.0]
ldo	[0, 1.0, 0]
surprisingli	[1.0, 0, 0]
snow	[0, 0, 1.0]
becom	[0.6, 0.3, 0.1]
cwi	[0, 1.0, 0]
sort	[0.7272727272727273, 0.2727272727272727, 0]
squaw	[0, 0, 1.0]
north	[0.25, 0.25, 0.5]
tower	[0, 0, 1.0]
sunshin	[0, 0, 1.0]
trade	[0, 0.2, 0.8]
dirti	[0, 1.0, 0]
applework	[0, 0, 1.0]
teen	[0, 0, 1.0]
john	[0.2857142857142857, 0.42857142857142855, 0.2857142857142857]
wednesdai	[0, 0, 1.0]
tendenti	[1.0, 0, 0]
laugh	[1.0, 0, 0]
cozzlab	[0, 0, 1.0]
weird	[0, 1.0, 0]
warrior	[0, 0, 1.0]
morn	[0, 0, 1.0]
omar	[0, 0, 1.0]
antiviru	[0, 0, 1.0]
print	[0, 0.1, 0.9]
sought	[0, 1.0, 0]
pimentel	[0, 1.0, 0]
ico	[1.0, 0, 0]
pickup	[0, 0, 1.0]
evolv	[1.0, 0, 0]
shuttl	[0, 0, 1.0]
rdi	[0, 0, 1.0]
martin	[0.5, 0, 0.5]
mouth	[1.0, 0, 0]
question	[0.5, 0.42857142857142855, 0.07142857142857142]
sdf	[0, 0, 1.0]
autograph	[0, 0, 1.0]
plane	[0.2, 0.8, 0]
robert	[0.4444444444444444, 0.2222222222222222, 0.3333333333333333]
netnew	[1.0, 0, 0]
dale	[0, 0, 1.0]
misinterpret	[0.5, 0.5, 0]
hotel	[0, 1.0, 0]
cach	[0, 0.3333333333333333, 0.6666666666666666]
crl	[0, 0.3333333333333333, 0.6666666666666666]
lethal	[1.0, 0, 0]
graham	[1.0, 0, 0]
bitnet	[0, 0.5, 0.5]
constantli	[0, 1.0, 0]
repositori	[0, 1.0, 0]
toyota	[0, 0, 1.0]
gospel	[1.0, 0, 0]
theism	[1.0, 0, 0]
shirt	[1.0, 0, 0]
govern	[0.5, 0, 0.5]
mathew	[1.0, 0, 0]
alta	[0, 1.0, 0]
usa	[0.75, 0.25, 0]
theatr	[0, 1.0, 0]
upgrad	[0, 0, 1.0]
collis	[0, 0, 1.0]
headlin	[0, 0, 1.0]
restrain	[1.0, 0, 0]
bolster	[1.0, 0, 0]
plain	[0, 1.0, 0]
heartili	[0, 0, 1.0]
colossu	[0, 0, 1.0]
buddha	[0, 1.0, 0]
carefulli	[0, 1.0, 0]
cathedr	[1.0, 0, 0]
dupe	[0, 0, 1.0]
nomad	[0, 0, 1.0]
address	[0.09090909090909091, 0.45454545454545453, 0.45454545454545453]
transmiss	[0, 1.0, 0]
hewlett	[0, 0, 1.0]
northwestern	[0, 0, 1.0]
mountain	[0, 0.5, 0.5]
wintz	[0, 0, 1.0]
gaterbowl	[0, 0, 1.0]
catbyt	[0, 0, 1.0]
analyst	[0, 1.0, 0]
editori	[0, 1.0, 0]
depress	[1.0, 0, 0]
morbiu	[0, 0, 1.0]
williamson	[0, 1.0, 0]
lucif	[1.0, 0, 0]
blink	[0, 0, 1.0]
subsampl	[0, 1.0, 0]
cshow	[0, 1.0, 0]
mhd	[0, 0, 1.0]
readili	[1.0, 0, 0]
deiti	[1.0, 0, 0]
cli	[0, 1.0, 0]
retail	[0, 0, 1.0]
cad	[0, 1.0, 0]
ilter	[0, 1.0, 0]
parodi	[1.0, 0, 0]
peter	[0.3333333333333333, 0.3333333333333333, 0.3333333333333333]
robot	[0, 0.5, 0.5]
compactvideo	[0, 1.0, 0]
lamp	[0, 0, 1.0]
togeth	[0.4, 0.4, 0.2]
ashcan	[0, 0, 1.0]
oyster	[1.0, 0, 0]
kbyte	[0, 1.0, 0]
blue	[0.16666666666666666, 0.16666666666666666, 0.6666666666666666]
smear	[0.5, 0.5, 0]
evid	[1.0, 0, 0]
empti	[1.0, 0, 0]
paus	[0, 0, 1.0]
jai	[0, 1.0, 0]
mentor	[0, 0, 1.0]
frii	[0, 0, 1.0]
vei	[1.0, 0, 0]
guilder	[0, 1.0, 0]
netcom	[0.5, 0.5, 0]
shadowman	[0, 0, 1.0]
perez	[0, 0, 1.0]
behaviour	[1.0, 0, 0]
properti	[0.6666666666666666, 0.3333333333333333, 0]
titl	[0, 0, 1.0]
ultim	[1.0, 0, 0]
bat	[0, 0, 1.0]
record	[0.125, 0.375, 0.5]
experienc	[1.0, 0, 0]
overhead	[0, 1.0, 0]
larsen	[0, 0, 1.0]
contenti	[1.0, 0, 0]
steve	[0, 1.0, 0]
undernet	[0, 1.0, 0]
printer	[0, 0, 1.0]
worcest	[0, 0, 1.0]
coleco	[0, 0, 1.0]
death	[0.8333333333333334, 0, 0.16666666666666666]
mailer	[0, 0, 1.0]
powder	[0, 0, 1.0]
precis	[0, 0.5, 0.5]
store	[0, 0.3333333333333333, 0.6666666666666666]
subdirectori	[0, 1.0, 0]
slide	[1.0, 0, 0]
physik	[0, 1.0, 0]
sunsit	[0, 1.0, 0]
decreas	[0, 1.0, 0]
dsp	[0, 1.0, 0]
spiritu	[0.75, 0, 0.25]
radiou	[0, 1.0, 0]
absenc	[0.6666666666666666, 0.3333333333333333, 0]
invest	[0, 0, 1.0]
energi	[0, 1.0, 0]
multichannel	[0, 0, 1.0]
invit	[0, 1.0, 0]
temp	[0, 1.0, 0]
usp	[0, 0, 1.0]
significantli	[0, 0.2, 0.8]
standard	[0.125, 0.5, 0.375]
favorit	[0, 1.0, 0]
circa	[0, 0, 1.0]
pleez	[0, 0, 1.0]
cci	[0, 0, 1.0]
consum	[0, 1.0, 0]
chong	[0, 0, 1.0]
desktop	[0, 1.0, 0]
restor	[0, 0.5, 0.5]
guilt	[1.0, 0, 0]
realiz	[0.8, 0.2, 0]
ax	[1.0, 0, 0]
unfair	[1.0, 0, 0]
deliveri	[0, 0, 1.0]
motiv	[1.0, 0, 0]
spoog	[0, 0, 1.0]
size	[0, 0.375, 0.625]
uwo	[0, 1.0, 0]
coeffici	[0, 1.0, 0]
agenda	[0, 0, 1.0]
perman	[0, 1.0, 0]
student	[0, 1.0, 0]
tone	[0, 0, 1.0]
zombi	[0, 0, 1.0]
stall	[1.0, 0, 0]
apollo	[0, 1.0, 0]
portal	[0.3333333333333333, 0, 0.6666666666666666]
ass	[1.0, 0, 0]
wheel	[0, 0, 1.0]
simm	[0, 0, 1.0]
accuraci	[0, 1.0, 0]
catchi	[0, 0, 1.0]
bag	[0, 0.3333333333333333, 0.6666666666666666]
nestvx	[0, 1.0, 0]
jame	[0.8, 0.2, 0]
ride	[0, 0, 1.0]
pitch	[0, 0, 1.0]
religion	[1.0, 0, 0]
inquiri	[0, 0, 1.0]
worship	[1.0, 0, 0]
patron	[1.0, 0, 0]
faulti	[0, 1.0, 0]
correct	[0.5, 0.3333333333333333, 0.16666666666666666]
gari	[0, 0, 1.0]
quantiz	[0, 1.0, 0]
reason	[0.7857142857142857, 0.14285714285714285, 0.07142857142857142]
vac	[0, 0, 1.0]
allerg	[1.0, 0, 0]
exampl	[0.5454545454545454, 0.36363636363636365, 0.09090909090909091]
firm	[0, 0, 1.0]
mark	[0.5, 0, 0.5]
supermac	[0, 1.0, 0]
surpris	[0.3333333333333333, 0.3333333333333333, 0.3333333333333333]
predict	[1.0, 0, 0]
unfortun	[1.0, 0, 0]
cthl	[0, 0, 1.0]
borland	[0, 1.0, 0]
spectacular	[0, 0, 1.0]
geometr	[0, 1.0, 0]
cleveland	[0, 0, 1.0]
brai	[0, 0, 1.0]
incred	[0, 0.3333333333333333, 0.6666666666666666]
iitmax	[0, 0, 1.0]
comment	[0.6, 0.4, 0]
map	[0, 0.75, 0.25]
season	[0, 0, 1.0]
qkgbuinn	[0, 1.0, 0]
columbia	[0, 0, 1.0]
pac	[0, 0, 1.0]
consult	[0, 1.0, 0]
fed	[0, 1.0, 0]
zyxel	[0, 1.0, 0]
rpg	[0, 0, 1.0]
packard	[0, 0, 1.0]
drw	[0, 1.0, 0]
ppm	[0, 1.0, 0]
sgc	[0, 1.0, 0]
viru	[0, 0, 1.0]
societ	[1.0, 0, 0]
podnet	[0, 0, 1.0]
edmund	[1.0, 0, 0]
geoffrei	[0, 0, 1.0]
insid	[0.5, 0.3333333333333333, 0.16666666666666666]
exterior	[0, 0, 1.0]
playback	[0, 1.0, 0]
inevit	[0.5, 0.5, 0]
chequ	[0, 1.0, 0]
monochrom	[0, 0, 1.0]
project	[0, 1.0, 0]
indirectli	[1.0, 0, 0]
lane	[0, 1.0, 0]
russia	[0, 0, 1.0]
subtl	[1.0, 0, 0]
usatodai	[1.0, 0, 0]
basi	[0.5, 0.25, 0.25]
wrote	[0.2, 0.8, 0]
drum	[0, 0, 1.0]
defin	[0.5, 0.4166666666666667, 0.08333333333333333]
obscur	[1.0, 0, 0]
entitl	[1.0, 0, 0]
proper	[0, 0, 1.0]
translat	[0.3333333333333333, 0.6666666666666666, 0]
ftp	[0, 1.0, 0]
corel	[0, 1.0, 0]
decompressor	[0, 1.0, 0]
kit	[0, 0.3333333333333333, 0.6666666666666666]
tradit	[1.0, 0, 0]
realis	[1.0, 0, 0]
owner	[0, 0, 1.0]
peterborough	[0, 1.0, 0]
desk	[0, 0, 1.0]
recompress	[0, 1.0, 0]
humor	[0, 0, 1.0]
alot	[0, 0, 1.0]
promot	[0.75, 0.25, 0]
antholog	[1.0, 0, 0]
soviet	[0.3333333333333333, 0, 0.6666666666666666]
facto	[0, 1.0, 0]
incoher	[1.0, 0, 0]
shadow	[0, 0, 1.0]
illiter	[1.0, 0, 0]
lizard	[0, 0, 1.0]
jpsrc	[0, 1.0, 0]
calypso	[0, 0, 1.0]
cardiovascular	[0, 1.0, 0]
evangel	[1.0, 0, 0]
wittenberg	[0, 1.0, 0]
unbag	[0, 0, 1.0]
mob	[0, 0, 1.0]
iff	[0, 1.0, 0]
bunch	[0, 0, 1.0]
societi	[0.7272727272727273, 0.09090909090909091, 0.18181818181818182]
repeat	[0, 0.6666666666666666, 0.3333333333333333]
card	[0.08695652173913043, 0.391304347826087, 0.5217391304347826]
scenario	[1.0, 0, 0]
error	[0.6, 0.4, 0]
plaform	[0, 1.0, 0]
titan	[0, 0, 1.0]
imiprison	[1.0, 0, 0]
dgf	[0, 1.0, 0]
elvi	[0, 0, 1.0]
quickli	[0.5, 0, 0.5]
cae	[0, 0, 1.0]
massacr	[0, 0, 1.0]
jurriaan	[0, 1.0, 0]
fido	[1.0, 0, 0]
enclos	[0, 0.5, 0.5]
tomcat	[0, 0, 1.0]
springt	[0, 1.0, 0]
bulletin	[0, 0, 1.0]
practic	[0.6, 0, 0.4]
adpro	[0, 1.0, 0]
vast	[1.0, 0, 0]
antiqu	[1.0, 0, 0]
aui	[0, 0, 1.0]
drawn	[0, 1.0, 0]
level	[0.6, 0.2, 0.2]
sensit	[0, 0, 1.0]
jaeger	[1.0, 0, 0]
public	[0.2, 0.8, 0]
smoother	[0, 1.0, 0]
cameo	[0, 0, 1.0]
cyberspac	[0, 1.0, 0]
strictli	[0.5, 0.5, 0]
gabor	[0, 1.0, 0]
grai	[0, 1.0, 0]
smoke	[0, 0, 1.0]
cliff	[0, 0, 1.0]
lagerkvist	[0, 1.0, 0]
expand	[0, 0.5, 0.5]
thumb	[0, 1.0, 0]
window	[0, 0.6086956521739131, 0.391304347826087]
transport	[0.3333333333333333, 0.3333333333333333, 0.3333333333333333]
leland	[0, 0, 1.0]
stabl	[0, 1.0, 0]
emori	[0, 1.0, 0]
computersci	[0, 1.0, 0]
tend	[0.25, 0.75, 0]
hqx	[0, 1.0, 0]
pergamon	[0, 1.0, 0]
cica	[0, 1.0, 0]
king	[1.0, 0, 0]
werewolf	[0, 0, 1.0]
dmn	[1.0, 0, 0]
suit	[1.0, 0, 0]
ufl	[0, 0, 1.0]
yoyo	[1.0, 0, 0]
weitek	[0, 1.0, 0]
stream	[0, 1.0, 0]
umd	[1.0, 0, 0]
effici	[0, 0.6666666666666666, 0.3333333333333333]
lift	[0, 0, 1.0]
roundoff	[0, 1.0, 0]
balki	[0, 1.0, 0]
donat	[1.0, 0, 0]
bantam	[0.5, 0, 0.5]
adriaansen	[0, 1.0, 0]
neo	[0, 0, 1.0]
worlei	[0, 1.0, 0]
beat	[0, 1.0, 0]
detriment	[1.0, 0, 0]
bet	[0, 1.0, 0]
msdo	[0, 1.0, 0]
stool	[1.0, 0, 0]
hockei	[0, 0, 1.0]
huei	[0, 0, 1.0]
abc	[0, 0, 1.0]
zildjian	[0, 0, 1.0]
commut	[0, 0, 1.0]
robm	[0, 0, 1.0]
winnipeg	[0, 0, 1.0]
boi	[0.5, 0.5, 0]
erst	[1.0, 0, 0]
mckeever	[0, 0, 1.0]
laser	[0.5, 0, 0.5]
geo	[0, 0, 1.0]
motorola	[0, 1.0, 0]
user	[0, 0.7142857142857143, 0.2857142857142857]
code	[0.08333333333333333, 0.8333333333333334, 0.08333333333333333]
base	[0.3888888888888889, 0.3333333333333333, 0.2777777777777778]
shout	[1.0, 0, 0]
rgb	[0, 0.5, 0.5]
edward	[0, 1.0, 0]
bga	[0, 1.0, 0]
iapp	[0, 1.0, 0]
bbse	[0, 1.0, 0]
squar	[0.2, 0.4, 0.4]
seed	[0, 0, 1.0]
gamora	[0, 0, 1.0]
appendix	[1.0, 0, 0]
cassett	[0, 0, 1.0]
pizza	[0, 1.0, 0]
slow	[0, 0.6666666666666666, 0.3333333333333333]
abstract	[0, 1.0, 0]
complet	[0.3, 0.2, 0.5]
kirk	[0, 0, 1.0]
magic	[0.5, 0, 0.5]
broderick	[0, 0, 1.0]
polish	[1.0, 0, 0]
ansi	[0, 1.0, 0]
ink	[0.5, 0, 0.5]
pennsylvania	[0, 1.0, 0]
nwu	[0, 0, 1.0]
kortink	[0, 1.0, 0]
champaign	[0, 0, 1.0]
zip	[0, 0.6666666666666666, 0.3333333333333333]
artist	[0, 1.0, 0]
guarante	[0.25, 0.5, 0.25]
bibliographi	[0.5, 0, 0.5]
coverag	[0, 0, 1.0]
lot	[0.125, 0.5, 0.375]
bare	[0, 0, 1.0]
foot	[0.6666666666666666, 0.3333333333333333, 0]
soni	[0, 0, 1.0]
chemlab	[0, 0, 1.0]
mitsumi	[0, 0, 1.0]
enabl	[0, 0, 1.0]
inexact	[1.0, 0, 0]
cite	[0.5, 0.5, 0]
macintosh	[0, 0.3333333333333333, 0.6666666666666666]
fax	[0.07692307692307693, 0.7692307692307693, 0.15384615384615385]
cover	[0.25, 0.125, 0.625]
intergraph	[0, 0, 1.0]
mess	[0.5, 0.5, 0]
safe	[0, 0.5, 0.5]
mighti	[0, 0.5, 0.5]
tiger	[1.0, 0, 0]
radiu	[0, 1.0, 0]
bulk	[0, 0, 1.0]
bad	[0.375, 0.625, 0]
primari	[1.0, 0, 0]
dominik	[0, 1.0, 0]
fine	[0.2857142857142857, 0.42857142857142855, 0.2857142857142857]
handl	[0, 0.5, 0.5]
automat	[0, 0.5, 0.5]
kirbi	[0, 0, 1.0]
characterist	[0.5, 0.5, 0]
bubbl	[0, 0, 1.0]
fake	[0, 1.0, 0]
shini	[0, 0, 1.0]
food	[1.0, 0, 0]
western	[0.3333333333333333, 0.3333333333333333, 0.3333333333333333]
stuck	[0, 1.0, 0]
ebuhcb	[0, 1.0, 0]
econom	[0.5, 0, 0.5]
editor	[0.2, 0.6, 0.2]
ginkgo	[0, 0, 1.0]
particl	[0, 0, 1.0]
alter	[0, 0.5, 0.5]
primit	[0.5, 0.5, 0]
omni	[1.0, 0, 0]
outlaw	[1.0, 0, 0]
string	[0, 1.0, 0]
allentown	[0, 0, 1.0]
cube	[0, 1.0, 0]
freedom	[0.6666666666666666, 0, 0.3333333333333333]
random	[0.6, 0, 0.4]
boom	[0, 0, 1.0]
waxwork	[0, 0, 1.0]
trentu	[0, 1.0, 0]
smj	[0, 0, 1.0]
interlac	[0, 0, 1.0]
assum	[0.5555555555555556, 0.2222222222222222, 0.2222222222222222]
arctic	[0, 0, 1.0]
landscap	[0, 0, 1.0]
experi	[0.25, 0.25, 0.5]
site	[0, 1.0, 0]
real	[0.1111111111111111, 0.6666666666666666, 0.2222222222222222]
harbing	[0, 0, 1.0]
caltech	[0, 0, 1.0]
portabl	[0, 1.0, 0]
punnish	[0, 0, 1.0]
wgt	[0, 1.0, 0]
omnipot	[1.0, 0, 0]
essenti	[0.3333333333333333, 0.6666666666666666, 0]
raytrac	[0, 1.0, 0]
trace	[0.5, 0.5, 0]
hardwar	[0, 0.6, 0.4]
grywalski	[0, 1.0, 0]
disbeliev	[1.0, 0, 0]
seit	[1.0, 0, 0]
transmit	[0, 1.0, 0]
gasket	[0, 0, 1.0]
applecolor	[0, 0, 1.0]
virtual	[0, 1.0, 0]
normal	[0, 1.0, 0]
athen	[0, 0, 1.0]
dust	[0, 0, 1.0]
wrightson	[0, 0, 1.0]
wordperfect	[0, 0, 1.0]
ryde	[0, 1.0, 0]
intersect	[0, 1.0, 0]
unswerv	[1.0, 0, 0]
nam	[0, 0, 1.0]
rusti	[0, 1.0, 0]
scientif	[1.0, 0, 0]
obro	[0, 0, 1.0]
ken	[0.5, 0.3333333333333333, 0.16666666666666666]
mutant	[0, 0, 1.0]
snm	[1.0, 0, 0]
loui	[0, 0.5, 0.5]
mirag	[0, 0, 1.0]
pgp	[1.0, 0, 0]
alphachannel	[0, 1.0, 0]
free	[0.25, 0.25, 0.5]
portfolio	[0, 1.0, 0]
closer	[1.0, 0, 0]
lonestar	[0, 0, 1.0]
exist	[0.7, 0.2, 0.1]
da	[0, 1.0, 0]
hulk	[0, 0, 1.0]
custom	[0, 0.5, 0.5]
draw	[0.2, 0.6, 0.2]
manuscript	[1.0, 0, 0]
spread	[1.0, 0, 0]
graduat	[0, 1.0, 0]
misunderstand	[0, 1.0, 0]
grei	[0, 0.25, 0.75]
cornelio	[0, 0, 1.0]
doc	[0, 0.5, 0.5]
slideshow	[0, 1.0, 0]
cinemorph	[0, 1.0, 0]
compromis	[1.0, 0, 0]
cage	[1.0, 0, 0]
nervou	[0, 0, 1.0]
inspect	[0, 1.0, 0]
advantag	[0.5, 0.5, 0]
dome	[0, 0, 1.0]
ancient	[0.6, 0.2, 0.2]
ecn	[0, 0, 1.0]
ersatz	[0, 0, 1.0]
scienc	[0.8, 0.2, 0]
slight	[0, 1.0, 0]
holo	[0, 0, 1.0]
fog	[1.0, 0, 0]
lord	[0, 0, 1.0]
heard	[0.5, 0.5, 0]
dy	[1.0, 0, 0]
omaha	[0, 1.0, 0]
spaciou	[0, 0, 1.0]
monitor	[0, 0, 1.0]
cristi	[0, 1.0, 0]
catalog	[0.2, 0, 0.8]
categor	[0.5, 0, 0.5]
deadpool	[0, 0, 1.0]
reidg	[0, 0, 1.0]
acc	[0, 0, 1.0]
port	[0, 0.3333333333333333, 0.6666666666666666]
vanilla	[0, 1.0, 0]
sin	[1.0, 0, 0]
poularik	[0, 0, 1.0]
buggier	[0, 1.0, 0]
pu	[0, 0, 1.0]
wolvrein	[0, 0, 1.0]
mathemat	[0.3333333333333333, 0.6666666666666666, 0]
nedland	[0, 1.0, 0]
statement	[1.0, 0, 0]
zur	[1.0, 0, 0]
proverb	[0, 0, 1.0]
syr	[1.0, 0, 0]
affect	[0, 1.0, 0]
skin	[0, 1.0, 0]
doomsdai	[1.0, 0, 0]
ot	[0, 0, 1.0]
ginigi	[0, 1.0, 0]
forev	[1.0, 0, 0]
aka	[0, 1.0, 0]
built	[0, 0.5, 0.5]
arthur	[0, 1.0, 0]
dirac	[0, 0, 1.0]
postfach	[1.0, 0, 0]
blade	[0, 1.0, 0]
phx	[0, 1.0, 0]
landgraf	[0, 0, 1.0]
amend	[0, 0, 1.0]
egert	[0, 1.0, 0]
netter	[0, 1.0, 0]
iii	[0, 0.5, 0.5]
readi	[0, 0.8, 0.2]
die	[0.75, 0, 0.25]
waikato	[0, 1.0, 0]
graphsupport	[0, 1.0, 0]
join	[0.5, 0.5, 0]
admittedli	[1.0, 0, 0]
